0,1,2,3,4,5,6
0.32,0.46,0.65,0.92,1.23,1.49,2021-04-07_15:14:23
0.32,0.46,0.65,0.92,1.23,1.49,2021-04-07_15:14:23
0.32,0.46,0.65,0.92,1.23,1.49,2021-04-07_15:14:23
0.32,0.46,0.65,0.92,1.23,1.49,2021-04-07_15:14:23
0.32,0.46,0.65,0.92,1.23,1.49,2021-04-07_15:14:23
0.32,0.46,0.65,0.92,1.23,1.49,2021-04-07_15:14:23
0.32,0.46,0.65,0.92,1.23,1.49,2021-04-07_15:14:23
0.32,0.46,0.65,0.92,1.23,1.49,2021-04-07_15:14:23
0.32,0.46,0.65,0.92,1.23,1.49,2021-04-07_15:14:23
0.32,0.46,0.65,0.92,1.23,1.49,2021-04-07_15:14:23
0.32,0.46,0.65,0.92,1.23,1.49,2021-04-07_15:14:23
0.32,0.46,0.65,0.92,1.23,1.49,2021-04-07_15:14:23
0.32,0.46,0.65,0.92,1.23,1.49,2021-04-07_15:14:23
0.32,0.46,0.65,0.92,1.23,1.49,2021-04-07_15:14:23
0.32,0.46,0.65,0.92,1.23,1.49,2021-04-07_15:14:24
0.32,0.46,0.65,0.92,1.23,1.49,2021-04-07_15:14:24
0.32,0.46,0.65,0.92,1.23,1.49,2021-04-07_15:14:24
0.32,0.46,0.65,0.92,1.23,1.49,2021-04-07_15:14:24
0.32,0.46,0.65,0.92,1.23,1.49,2021-04-07_15:14:24
0.32,0.46,0.65,0.92,1.23,1.49,2021-04-07_15:14:24
0.32,0.46,0.65,0.92,1.23,1.49,2021-04-07_15:14:24
0.32,0.46,0.65,0.92,1.23,1.49,2021-04-07_15:14:24
0.32,0.46,0.65,0.92,1.23,1.49,2021-04-07_15:14:24
0.32,0.46,0.65,0.92,1.23,1.49,2021-04-07_15:14:24
0.32,0.46,0.65,0.92,1.23,1.49,2021-04-07_15:14:24
0.32,0.46,0.65,0.92,1.23,1.49,2021-04-07_15:14:24
0.32,0.46,0.65,0.92,1.23,1.49,2021-04-07_15:14:24
0.32,0.46,0.65,0.92,1.23,1.49,2021-04-07_15:14:25
0.32,0.46,0.65,0.92,1.22,1.49,2021-04-07_15:14:25
0.32,0.46,0.65,0.92,1.23,1.49,2021-04-07_15:14:25
0.32,0.46,0.65,0.92,1.23,1.49,2021-04-07_15:14:25
0.32,0.46,0.65,0.92,1.23,1.49,2021-04-07_15:14:25
0.32,0.46,0.65,0.92,1.22,1.49,2021-04-07_15:14:25
0.32,0.46,0.65,0.92,1.23,1.49,2021-04-07_15:14:25
0.32,0.46,0.65,0.92,1.23,1.49,2021-04-07_15:14:25
0.32,0.46,0.65,0.92,1.23,1.49,2021-04-07_15:14:25
0.32,0.46,0.65,0.92,1.23,1.49,2021-04-07_15:14:25
0.32,0.46,0.65,0.92,1.23,1.49,2021-04-07_15:14:25
0.32,0.46,0.65,0.92,1.23,1.49,2021-04-07_15:14:25
0.32,0.46,0.65,0.92,1.23,1.49,2021-04-07_15:14:25
0.32,0.46,0.65,0.92,1.23,1.49,2021-04-07_15:14:25
0.32,0.46,0.65,0.92,1.23,1.49,2021-04-07_15:14:26
0.32,0.46,0.65,0.92,1.23,1.49,2021-04-07_15:14:26
0.32,0.46,0.65,0.92,1.22,1.49,2021-04-07_15:14:26
0.32,0.46,0.65,0.92,1.23,1.49,2021-04-07_15:14:26
0.32,0.46,0.65,0.92,1.23,1.49,2021-04-07_15:14:26
0.32,0.46,0.65,0.92,1.23,1.49,2021-04-07_15:14:26
0.32,0.46,0.65,0.92,1.22,1.49,2021-04-07_15:14:26
0.32,0.46,0.65,0.92,1.23,1.49,2021-04-07_15:14:26
0.32,0.46,0.65,0.92,1.23,1.49,2021-04-07_15:14:26
0.32,0.46,0.65,0.92,1.23,1.49,2021-04-07_15:14:26
0.32,0.46,0.65,0.92,1.23,1.49,2021-04-07_15:14:26
0.32,0.46,0.65,0.92,1.23,1.49,2021-04-07_15:14:26
0.32,0.46,0.65,0.92,1.23,1.49,2021-04-07_15:14:26
0.32,0.46,0.65,0.92,1.23,1.49,2021-04-07_15:14:27
0.32,0.46,0.65,0.92,1.23,1.49,2021-04-07_15:14:27
0.32,0.46,0.65,0.92,1.23,1.49,2021-04-07_15:14:27
0.32,0.46,0.65,0.92,1.23,1.49,2021-04-07_15:14:27
0.32,0.46,0.65,0.92,1.23,1.49,2021-04-07_15:14:27
0.32,0.46,0.66,0.92,1.23,1.49,2021-04-07_15:14:27
0.32,0.46,0.66,0.92,1.23,1.49,2021-04-07_15:14:27
0.32,0.46,0.66,0.92,1.23,1.49,2021-04-07_15:14:27
0.32,0.46,0.66,0.92,1.23,1.5,2021-04-07_15:14:27
0.32,0.46,0.66,0.92,1.23,1.5,2021-04-07_15:14:27
0.32,0.46,0.66,0.92,1.23,1.5,2021-04-07_15:14:27
0.32,0.46,0.66,0.92,1.23,1.5,2021-04-07_15:14:27
0.32,0.46,0.66,0.92,1.23,1.5,2021-04-07_15:14:27
0.32,0.46,0.66,0.92,1.23,1.5,2021-04-07_15:14:28
0.33,0.46,0.66,0.92,1.23,1.5,2021-04-07_15:14:28
0.33,0.46,0.66,0.92,1.23,1.5,2021-04-07_15:14:28
0.33,0.46,0.66,0.92,1.23,1.5,2021-04-07_15:14:28
0.33,0.46,0.66,0.92,1.23,1.5,2021-04-07_15:14:28
0.33,0.46,0.66,0.92,1.23,1.5,2021-04-07_15:14:28
0.33,0.46,0.66,0.92,1.23,1.5,2021-04-07_15:14:28
0.33,0.46,0.66,0.92,1.23,1.5,2021-04-07_15:14:28
0.33,0.46,0.66,0.92,1.23,1.5,2021-04-07_15:14:28
0.33,0.46,0.66,0.92,1.23,1.5,2021-04-07_15:14:28
0.33,0.46,0.66,0.92,1.23,1.5,2021-04-07_15:14:28
0.33,0.46,0.66,0.92,1.23,1.5,2021-04-07_15:14:28
0.33,0.46,0.66,0.92,1.23,1.5,2021-04-07_15:14:28
0.33,0.47,0.66,0.92,1.23,1.5,2021-04-07_15:14:28
0.33,0.47,0.66,0.92,1.23,1.5,2021-04-07_15:14:29
0.33,0.47,0.66,0.92,1.23,1.5,2021-04-07_15:14:29
0.33,0.47,0.66,0.93,1.23,1.5,2021-04-07_15:14:29
0.34,0.47,0.67,0.93,1.24,1.51,2021-04-07_15:14:29
0.34,0.47,0.67,0.93,1.24,1.51,2021-04-07_15:14:29
0.34,0.47,0.67,0.93,1.24,1.51,2021-04-07_15:14:29
0.34,0.47,0.67,0.93,1.24,1.51,2021-04-07_15:14:29
0.34,0.48,0.67,0.93,1.24,1.51,2021-04-07_15:14:29
0.34,0.48,0.67,0.94,1.25,1.52,2021-04-07_15:14:29
0.35,0.48,0.68,0.94,1.25,1.52,2021-04-07_15:14:29
0.35,0.48,0.68,0.94,1.25,1.52,2021-04-07_15:14:29
0.35,0.49,0.68,0.94,1.25,1.52,2021-04-07_15:14:29
0.36,0.49,0.69,0.95,1.25,1.52,2021-04-07_15:14:29
0.36,0.49,0.69,0.95,1.26,1.53,2021-04-07_15:14:30
0.37,0.5,0.7,0.96,1.27,1.54,2021-04-07_15:14:30
0.37,0.51,0.71,0.97,1.28,1.55,2021-04-07_15:14:30
0.38,0.52,0.72,0.98,1.3,1.57,2021-04-07_15:14:30
0.4,0.53,0.72,0.98,1.3,1.56,2021-04-07_15:14:30
0.4,0.53,0.73,0.99,1.3,1.57,2021-04-07_15:14:30
0.41,0.55,0.74,1.0,1.31,1.59,2021-04-07_15:14:30
0.43,0.57,0.77,1.03,1.34,1.61,2021-04-07_15:14:30
0.46,0.61,0.82,1.07,1.38,1.65,2021-04-07_15:14:30
0.49,0.64,0.84,1.1,1.4,1.68,2021-04-07_15:14:30
0.52,0.65,0.86,1.13,1.45,1.71,2021-04-07_15:14:30
0.55,0.69,0.89,1.17,1.48,1.76,2021-04-07_15:14:30
0.59,0.72,0.92,1.19,1.52,1.8,2021-04-07_15:14:30
0.64,0.78,0.97,1.24,1.56,1.86,2021-04-07_15:14:31
0.72,0.87,1.08,1.35,1.68,1.98,2021-04-07_15:14:31
0.88,1.02,1.21,1.46,1.78,2.07,2021-04-07_15:14:31
0.93,1.09,1.29,1.57,1.88,2.16,2021-04-07_15:14:31
1.01,1.16,1.36,1.63,1.96,2.24,2021-04-07_15:14:31
1.09,1.24,1.49,1.81,2.15,2.42,2021-04-07_15:14:31
1.26,1.4,1.63,1.96,2.33,2.62,2021-04-07_15:14:31
1.47,1.61,1.82,2.1,2.44,2.73,2021-04-07_15:14:31
1.58,1.73,1.93,2.2,2.56,2.89,2021-04-07_15:14:31
1.75,1.89,2.08,2.35,2.68,2.99,2021-04-07_15:14:31
1.89,2.07,2.27,2.52,2.83,3.12,2021-04-07_15:14:31
1.99,2.16,2.37,2.64,2.95,3.23,2021-04-07_15:14:31
2.08,2.26,2.49,2.78,3.1,3.4,2021-04-07_15:14:31
2.27,2.41,2.65,2.97,3.33,3.61,2021-04-07_15:14:31
2.45,2.6,2.82,3.15,3.52,3.82,2021-04-07_15:14:32
2.68,2.82,3.03,3.32,3.67,3.98,2021-04-07_15:14:32
2.84,3.0,3.2,3.47,3.8,4.12,2021-04-07_15:14:32
2.97,3.14,3.35,3.62,3.96,4.26,2021-04-07_15:14:32
3.16,3.34,3.57,3.84,4.18,4.48,2021-04-07_15:14:32
3.35,3.55,3.78,4.07,4.39,4.67,2021-04-07_15:14:32
3.53,3.74,3.99,4.28,4.61,4.89,2021-04-07_15:14:32
3.76,3.92,4.19,4.5,4.85,5.12,2021-04-07_15:14:32
3.99,4.15,4.36,4.63,4.94,5.12,2021-04-07_15:14:32
4.08,4.21,4.41,4.69,5.01,5.12,2021-04-07_15:14:32
4.13,4.27,4.47,4.74,5.05,5.12,2021-04-07_15:14:32
4.18,4.32,4.52,4.79,5.11,5.12,2021-04-07_15:14:32
4.24,4.38,4.58,4.85,5.12,5.12,2021-04-07_15:14:32
4.28,4.42,4.62,4.89,5.12,5.12,2021-04-07_15:14:33
4.33,4.46,4.67,4.93,5.12,5.12,2021-04-07_15:14:33
4.36,4.5,4.71,4.97,5.12,5.12,2021-04-07_15:14:33
4.41,4.55,4.74,5.01,5.12,5.12,2021-04-07_15:14:33
4.43,4.57,4.77,5.03,5.12,5.12,2021-04-07_15:14:33
4.46,4.59,4.78,5.04,5.12,5.12,2021-04-07_15:14:33
4.46,4.6,4.77,5.03,5.12,5.12,2021-04-07_15:14:33
4.44,4.54,4.72,4.93,5.12,5.12,2021-04-07_15:14:33
4.28,4.41,4.57,4.77,4.99,5.12,2021-04-07_15:14:33
4.08,4.2,4.37,4.6,4.85,5.01,2021-04-07_15:14:33
3.83,3.96,4.15,4.4,4.66,4.89,2021-04-07_15:14:33
3.61,3.71,3.9,4.16,4.44,4.66,2021-04-07_15:14:33
3.44,3.47,3.61,3.87,4.18,4.43,2021-04-07_15:14:33
3.23,3.32,3.44,3.64,3.93,4.21,2021-04-07_15:14:33
3.06,3.18,3.3,3.48,3.76,4.0,2021-04-07_15:14:34
2.84,2.97,3.15,3.38,3.64,3.88,2021-04-07_15:14:34
2.7,2.81,2.98,3.19,3.43,3.58,2021-04-07_15:14:34
2.28,2.36,2.55,2.8,3.09,3.27,2021-04-07_15:14:34
2.0,2.09,2.25,2.51,2.8,3.03,2021-04-07_15:14:34
1.79,1.88,2.03,2.25,2.5,2.7,2021-04-07_15:14:34
1.49,1.53,1.64,1.85,2.14,2.42,2021-04-07_15:14:34
1.24,1.35,1.45,1.62,1.87,2.14,2021-04-07_15:14:34
0.99,1.12,1.3,1.52,1.81,2.08,2021-04-07_15:14:34
0.91,1.03,1.22,1.46,1.73,1.98,2021-04-07_15:14:34
0.77,0.9,1.09,1.34,1.62,1.81,2021-04-07_15:14:34
0.57,0.69,0.9,1.18,1.48,1.71,2021-04-07_15:14:34
0.52,0.67,0.87,1.13,1.43,1.69,2021-04-07_15:14:34
0.52,0.65,0.84,1.1,1.41,1.68,2021-04-07_15:14:35
0.51,0.62,0.81,1.07,1.37,1.63,2021-04-07_15:14:35
0.46,0.59,0.76,1.0,1.3,1.57,2021-04-07_15:14:35
0.41,0.55,0.73,0.98,1.29,1.55,2021-04-07_15:14:35
0.39,0.53,0.72,0.98,1.28,1.55,2021-04-07_15:14:35
0.39,0.52,0.72,0.97,1.28,1.54,2021-04-07_15:14:35
0.38,0.52,0.71,0.97,1.27,1.54,2021-04-07_15:14:35
0.38,0.51,0.7,0.96,1.26,1.53,2021-04-07_15:14:35
0.37,0.5,0.69,0.95,1.25,1.52,2021-04-07_15:14:35
0.36,0.5,0.69,0.94,1.25,1.52,2021-04-07_15:14:35
0.36,0.49,0.68,0.94,1.25,1.51,2021-04-07_15:14:35
0.35,0.49,0.68,0.94,1.24,1.51,2021-04-07_15:14:35
0.35,0.48,0.68,0.94,1.24,1.51,2021-04-07_15:14:35
0.35,0.48,0.68,0.93,1.24,1.51,2021-04-07_15:14:36
0.35,0.48,0.68,0.94,1.24,1.51,2021-04-07_15:14:36
0.35,0.48,0.67,0.93,1.24,1.51,2021-04-07_15:14:36
0.35,0.48,0.67,0.93,1.24,1.51,2021-04-07_15:14:36
0.35,0.48,0.67,0.93,1.24,1.51,2021-04-07_15:14:36
0.35,0.48,0.67,0.93,1.24,1.5,2021-04-07_15:14:36
0.34,0.48,0.67,0.93,1.23,1.5,2021-04-07_15:14:36
0.34,0.47,0.67,0.92,1.23,1.5,2021-04-07_15:14:36
0.34,0.47,0.66,0.92,1.23,1.5,2021-04-07_15:14:36
0.34,0.47,0.66,0.92,1.23,1.5,2021-04-07_15:14:36
0.34,0.47,0.66,0.92,1.23,1.5,2021-04-07_15:14:36
0.33,0.47,0.66,0.92,1.23,1.49,2021-04-07_15:14:36
0.33,0.47,0.66,0.92,1.22,1.49,2021-04-07_15:14:36
0.33,0.47,0.66,0.92,1.22,1.49,2021-04-07_15:14:36
0.33,0.47,0.66,0.92,1.22,1.49,2021-04-07_15:14:37
0.33,0.46,0.66,0.92,1.22,1.49,2021-04-07_15:14:37
0.33,0.46,0.66,0.92,1.22,1.49,2021-04-07_15:14:37
0.33,0.46,0.66,0.92,1.22,1.49,2021-04-07_15:14:37
0.33,0.46,0.66,0.92,1.22,1.49,2021-04-07_15:14:37
0.33,0.46,0.66,0.92,1.22,1.49,2021-04-07_15:14:37
0.33,0.46,0.66,0.91,1.22,1.49,2021-04-07_15:14:37
0.33,0.46,0.66,0.91,1.22,1.49,2021-04-07_15:14:37
0.33,0.46,0.66,0.91,1.22,1.49,2021-04-07_15:14:37
0.33,0.46,0.66,0.91,1.22,1.49,2021-04-07_15:14:37
0.33,0.46,0.66,0.91,1.22,1.49,2021-04-07_15:14:37
0.33,0.46,0.66,0.91,1.22,1.49,2021-04-07_15:14:37
0.33,0.46,0.66,0.91,1.22,1.49,2021-04-07_15:14:37
0.33,0.46,0.66,0.91,1.22,1.49,2021-04-07_15:14:38
0.32,0.46,0.66,0.91,1.22,1.49,2021-04-07_15:14:38
0.32,0.46,0.66,0.91,1.22,1.49,2021-04-07_15:14:38
0.32,0.46,0.66,0.91,1.22,1.49,2021-04-07_15:14:38
0.32,0.46,0.66,0.91,1.22,1.49,2021-04-07_15:14:38
0.32,0.46,0.66,0.91,1.22,1.49,2021-04-07_15:14:38
0.32,0.46,0.66,0.91,1.22,1.49,2021-04-07_15:14:38
0.32,0.46,0.66,0.91,1.22,1.49,2021-04-07_15:14:38
0.32,0.46,0.66,0.91,1.22,1.49,2021-04-07_15:14:38
0.32,0.46,0.66,0.91,1.22,1.49,2021-04-07_15:14:38
0.32,0.46,0.66,0.91,1.22,1.49,2021-04-07_15:14:38
0.32,0.46,0.66,0.91,1.22,1.49,2021-04-07_15:14:38
0.32,0.46,0.66,0.91,1.22,1.49,2021-04-07_15:14:38
0.32,0.46,0.66,0.91,1.22,1.49,2021-04-07_15:14:38
0.32,0.46,0.66,0.91,1.22,1.49,2021-04-07_15:14:39
0.32,0.46,0.66,0.91,1.22,1.49,2021-04-07_15:14:39
0.32,0.46,0.66,0.91,1.22,1.49,2021-04-07_15:14:39
0.32,0.46,0.66,0.91,1.22,1.49,2021-04-07_15:14:39
0.32,0.46,0.66,0.91,1.22,1.49,2021-04-07_15:14:39
0.32,0.46,0.66,0.91,1.22,1.49,2021-04-07_15:14:39
0.32,0.46,0.66,0.91,1.22,1.49,2021-04-07_15:14:39
0.32,0.46,0.66,0.91,1.22,1.49,2021-04-07_15:14:39
0.32,0.46,0.66,0.91,1.22,1.49,2021-04-07_15:14:39
0.32,0.46,0.66,0.91,1.22,1.49,2021-04-07_15:14:39
0.32,0.46,0.66,0.91,1.22,1.49,2021-04-07_15:14:39
0.32,0.46,0.66,0.91,1.22,1.49,2021-04-07_15:14:39
0.32,0.46,0.66,0.92,1.22,1.49,2021-04-07_15:14:39
0.32,0.46,0.66,0.92,1.22,1.49,2021-04-07_15:14:40
0.32,0.46,0.66,0.91,1.22,1.49,2021-04-07_15:14:40
0.32,0.46,0.66,0.92,1.22,1.49,2021-04-07_15:14:40
0.32,0.46,0.66,0.92,1.22,1.49,2021-04-07_15:14:40
0.32,0.46,0.66,0.92,1.22,1.49,2021-04-07_15:14:40
0.32,0.46,0.66,0.92,1.22,1.49,2021-04-07_15:14:40
0.32,0.46,0.66,0.92,1.22,1.49,2021-04-07_15:14:40
0.32,0.46,0.66,0.92,1.22,1.49,2021-04-07_15:14:40
0.32,0.46,0.66,0.92,1.22,1.49,2021-04-07_15:14:40
0.32,0.46,0.66,0.92,1.22,1.49,2021-04-07_15:14:40
0.32,0.46,0.66,0.92,1.22,1.49,2021-04-07_15:14:40
0.32,0.46,0.66,0.92,1.22,1.49,2021-04-07_15:14:40
0.32,0.46,0.66,0.92,1.22,1.49,2021-04-07_15:14:40
0.32,0.46,0.66,0.92,1.22,1.49,2021-04-07_15:14:41
0.32,0.46,0.66,0.92,1.22,1.49,2021-04-07_15:14:41
0.32,0.46,0.66,0.92,1.22,1.49,2021-04-07_15:14:41
0.32,0.46,0.66,0.92,1.22,1.49,2021-04-07_15:14:41
0.32,0.46,0.66,0.92,1.22,1.49,2021-04-07_15:14:41
0.32,0.46,0.66,0.92,1.22,1.49,2021-04-07_15:14:41
0.32,0.46,0.66,0.92,1.22,1.49,2021-04-07_15:14:41
0.32,0.46,0.66,0.92,1.22,1.49,2021-04-07_15:14:41
0.32,0.46,0.66,0.92,1.22,1.49,2021-04-07_15:14:41
0.32,0.46,0.66,0.92,1.22,1.49,2021-04-07_15:14:41
0.32,0.46,0.66,0.92,1.22,1.49,2021-04-07_15:14:41
0.32,0.46,0.66,0.92,1.22,1.49,2021-04-07_15:14:41
0.32,0.46,0.66,0.92,1.22,1.49,2021-04-07_15:14:41
0.32,0.46,0.66,0.92,1.22,1.49,2021-04-07_15:14:41
0.32,0.46,0.66,0.92,1.22,1.49,2021-04-07_15:14:42
0.32,0.46,0.66,0.92,1.22,1.49,2021-04-07_15:14:42
0.32,0.46,0.66,0.92,1.22,1.49,2021-04-07_15:14:42
0.32,0.46,0.66,0.92,1.22,1.49,2021-04-07_15:14:42
0.32,0.46,0.66,0.92,1.22,1.49,2021-04-07_15:14:42
0.32,0.46,0.66,0.92,1.22,1.49,2021-04-07_15:14:42
0.32,0.46,0.66,0.92,1.22,1.49,2021-04-07_15:14:42
0.32,0.46,0.66,0.92,1.22,1.49,2021-04-07_15:14:42
0.32,0.46,0.66,0.92,1.22,1.49,2021-04-07_15:14:42
0.32,0.46,0.66,0.92,1.22,1.49,2021-04-07_15:14:42
0.32,0.46,0.66,0.92,1.22,1.49,2021-04-07_15:14:42
0.32,0.46,0.66,0.92,1.22,1.49,2021-04-07_15:14:42
0.32,0.46,0.66,0.92,1.22,1.49,2021-04-07_15:14:42
0.32,0.46,0.66,0.92,1.22,1.49,2021-04-07_15:14:43
0.32,0.46,0.66,0.92,1.22,1.49,2021-04-07_15:14:43
0.32,0.46,0.66,0.92,1.22,1.49,2021-04-07_15:14:43
0.32,0.46,0.66,0.92,1.23,1.49,2021-04-07_15:14:43
0.32,0.46,0.66,0.92,1.22,1.49,2021-04-07_15:14:43
0.32,0.46,0.66,0.92,1.22,1.49,2021-04-07_15:14:43
0.32,0.46,0.66,0.92,1.22,1.49,2021-04-07_15:14:43
0.32,0.46,0.66,0.92,1.23,1.49,2021-04-07_15:14:43
0.32,0.46,0.66,0.92,1.22,1.49,2021-04-07_15:14:43
0.32,0.46,0.66,0.92,1.22,1.49,2021-04-07_15:14:43
0.32,0.46,0.66,0.92,1.22,1.49,2021-04-07_15:14:43
0.32,0.46,0.66,0.92,1.23,1.49,2021-04-07_15:14:43
0.32,0.46,0.66,0.92,1.22,1.49,2021-04-07_15:14:43
0.32,0.46,0.66,0.92,1.23,1.49,2021-04-07_15:14:44
0.32,0.46,0.66,0.92,1.23,1.49,2021-04-07_15:14:44
0.32,0.46,0.66,0.92,1.23,1.49,2021-04-07_15:14:44
0.32,0.46,0.66,0.92,1.22,1.49,2021-04-07_15:14:44
0.32,0.46,0.66,0.92,1.23,1.49,2021-04-07_15:14:44
0.32,0.46,0.66,0.92,1.23,1.49,2021-04-07_15:14:44
0.32,0.46,0.66,0.92,1.23,1.49,2021-04-07_15:14:44
0.32,0.46,0.66,0.92,1.22,1.49,2021-04-07_15:14:44
0.32,0.46,0.66,0.92,1.23,1.49,2021-04-07_15:14:44
0.32,0.46,0.66,0.92,1.23,1.49,2021-04-07_15:14:44
0.32,0.46,0.66,0.92,1.23,1.49,2021-04-07_15:14:44
0.32,0.46,0.66,0.92,1.22,1.49,2021-04-07_15:14:44
0.32,0.46,0.66,0.92,1.23,1.49,2021-04-07_15:14:44
0.32,0.46,0.66,0.92,1.23,1.49,2021-04-07_15:14:44
0.32,0.46,0.66,0.92,1.23,1.49,2021-04-07_15:14:45
0.32,0.46,0.66,0.92,1.23,1.49,2021-04-07_15:14:45
0.32,0.46,0.66,0.92,1.23,1.49,2021-04-07_15:14:45
0.32,0.46,0.66,0.92,1.23,1.49,2021-04-07_15:14:45
0.32,0.46,0.66,0.92,1.23,1.49,2021-04-07_15:14:45
0.32,0.46,0.66,0.92,1.23,1.49,2021-04-07_15:14:45
0.32,0.46,0.66,0.92,1.23,1.49,2021-04-07_15:14:45
0.32,0.46,0.66,0.92,1.23,1.49,2021-04-07_15:14:45
0.32,0.46,0.66,0.92,1.22,1.49,2021-04-07_15:14:45
0.32,0.46,0.66,0.92,1.23,1.49,2021-04-07_15:14:45
0.32,0.46,0.66,0.92,1.23,1.49,2021-04-07_15:14:45
0.32,0.46,0.66,0.92,1.23,1.49,2021-04-07_15:14:45
0.32,0.46,0.66,0.92,1.23,1.49,2021-04-07_15:14:45
0.32,0.46,0.66,0.92,1.23,1.49,2021-04-07_15:14:46
0.32,0.46,0.66,0.92,1.23,1.49,2021-04-07_15:14:46
0.32,0.46,0.66,0.92,1.23,1.49,2021-04-07_15:14:46
0.32,0.46,0.66,0.92,1.23,1.49,2021-04-07_15:14:46
0.32,0.46,0.66,0.92,1.23,1.49,2021-04-07_15:14:46
0.32,0.46,0.66,0.92,1.23,1.49,2021-04-07_15:14:46
0.32,0.46,0.66,0.92,1.23,1.49,2021-04-07_15:14:46
0.32,0.46,0.66,0.92,1.23,1.49,2021-04-07_15:14:46
0.32,0.46,0.66,0.92,1.23,1.49,2021-04-07_15:14:46
0.32,0.46,0.66,0.92,1.23,1.49,2021-04-07_15:14:46
0.32,0.46,0.66,0.92,1.23,1.49,2021-04-07_15:14:46
0.32,0.46,0.66,0.92,1.23,1.49,2021-04-07_15:14:46
0.32,0.46,0.66,0.92,1.23,1.49,2021-04-07_15:14:46
0.32,0.46,0.66,0.92,1.23,1.49,2021-04-07_15:14:46
0.32,0.46,0.66,0.92,1.23,1.49,2021-04-07_15:14:47
0.32,0.46,0.66,0.92,1.23,1.49,2021-04-07_15:14:47
0.32,0.46,0.66,0.92,1.23,1.49,2021-04-07_15:14:47
0.32,0.46,0.66,0.92,1.23,1.49,2021-04-07_15:14:47
0.32,0.46,0.66,0.92,1.23,1.49,2021-04-07_15:14:47
0.32,0.46,0.66,0.92,1.23,1.49,2021-04-07_15:14:47
0.32,0.46,0.66,0.92,1.23,1.49,2021-04-07_15:14:47
0.32,0.46,0.66,0.92,1.23,1.49,2021-04-07_15:14:47
0.32,0.46,0.66,0.92,1.23,1.49,2021-04-07_15:14:47
0.32,0.46,0.66,0.92,1.23,1.49,2021-04-07_15:14:47
0.32,0.46,0.66,0.92,1.23,1.49,2021-04-07_15:14:47
0.32,0.46,0.66,0.92,1.23,1.49,2021-04-07_15:14:47
0.32,0.46,0.66,0.92,1.23,1.49,2021-04-07_15:14:47
0.32,0.46,0.66,0.92,1.23,1.49,2021-04-07_15:14:48
0.32,0.46,0.66,0.92,1.23,1.49,2021-04-07_15:14:48
0.32,0.46,0.66,0.92,1.23,1.49,2021-04-07_15:14:48
0.32,0.46,0.66,0.92,1.23,1.49,2021-04-07_15:14:48
0.32,0.46,0.66,0.92,1.23,1.49,2021-04-07_15:14:48
0.32,0.46,0.66,0.92,1.23,1.49,2021-04-07_15:14:48
0.32,0.46,0.66,0.92,1.23,1.49,2021-04-07_15:14:48
0.32,0.46,0.66,0.92,1.23,1.49,2021-04-07_15:14:48
0.32,0.46,0.66,0.92,1.23,1.49,2021-04-07_15:14:48
0.32,0.46,0.66,0.92,1.23,1.49,2021-04-07_15:14:48
0.32,0.46,0.66,0.92,1.23,1.49,2021-04-07_15:14:48
0.32,0.46,0.66,0.92,1.23,1.49,2021-04-07_15:14:48
0.32,0.46,0.66,0.92,1.23,1.49,2021-04-07_15:14:48
0.32,0.46,0.66,0.92,1.23,1.49,2021-04-07_15:14:49
0.32,0.46,0.66,0.92,1.23,1.49,2021-04-07_15:14:49
0.32,0.46,0.66,0.92,1.23,1.49,2021-04-07_15:14:49
0.32,0.46,0.66,0.92,1.23,1.49,2021-04-07_15:14:49
0.32,0.46,0.66,0.92,1.22,1.49,2021-04-07_15:14:49
0.32,0.46,0.66,0.92,1.23,1.49,2021-04-07_15:14:49
0.32,0.46,0.66,0.92,1.23,1.49,2021-04-07_15:14:49
0.32,0.46,0.66,0.92,1.23,1.49,2021-04-07_15:14:49
0.32,0.46,0.66,0.92,1.22,1.49,2021-04-07_15:14:49
0.32,0.46,0.66,0.92,1.23,1.49,2021-04-07_15:14:49
0.32,0.46,0.66,0.92,1.23,1.49,2021-04-07_15:14:49
0.32,0.46,0.66,0.92,1.23,1.49,2021-04-07_15:14:49
0.32,0.46,0.66,0.92,1.23,1.49,2021-04-07_15:14:49
0.32,0.46,0.66,0.92,1.23,1.49,2021-04-07_15:14:49
0.32,0.46,0.66,0.92,1.23,1.49,2021-04-07_15:14:50
0.32,0.46,0.66,0.92,1.23,1.49,2021-04-07_15:14:50
0.32,0.46,0.66,0.92,1.23,1.49,2021-04-07_15:14:50
0.32,0.46,0.66,0.92,1.23,1.49,2021-04-07_15:14:50
0.32,0.46,0.66,0.92,1.23,1.49,2021-04-07_15:14:50
0.32,0.46,0.66,0.92,1.23,1.49,2021-04-07_15:14:50
0.32,0.46,0.66,0.92,1.23,1.49,2021-04-07_15:14:50
0.32,0.46,0.66,0.92,1.23,1.49,2021-04-07_15:14:50
0.32,0.46,0.66,0.92,1.23,1.49,2021-04-07_15:14:50
0.32,0.46,0.66,0.92,1.23,1.49,2021-04-07_15:14:50
0.32,0.46,0.66,0.92,1.23,1.49,2021-04-07_15:14:50
0.32,0.46,0.66,0.92,1.23,1.49,2021-04-07_15:14:50
0.32,0.46,0.66,0.92,1.23,1.49,2021-04-07_15:14:50
0.32,0.46,0.66,0.92,1.23,1.49,2021-04-07_15:14:51
0.32,0.46,0.66,0.92,1.23,1.49,2021-04-07_15:14:51
0.32,0.46,0.66,0.92,1.23,1.49,2021-04-07_15:14:51
0.32,0.46,0.66,0.92,1.23,1.49,2021-04-07_15:14:51
0.32,0.46,0.66,0.92,1.23,1.49,2021-04-07_15:14:51
0.32,0.46,0.66,0.92,1.23,1.49,2021-04-07_15:14:51
0.32,0.46,0.66,0.92,1.23,1.49,2021-04-07_15:14:51
0.32,0.46,0.66,0.92,1.23,1.49,2021-04-07_15:14:51
0.32,0.46,0.66,0.92,1.23,1.49,2021-04-07_15:14:51
0.32,0.46,0.66,0.92,1.23,1.49,2021-04-07_15:14:51
0.32,0.46,0.66,0.92,1.23,1.49,2021-04-07_15:14:51
0.32,0.46,0.66,0.92,1.23,1.49,2021-04-07_15:14:51
0.32,0.46,0.66,0.92,1.23,1.5,2021-04-07_15:14:51
0.32,0.46,0.66,0.92,1.23,1.5,2021-04-07_15:14:51
0.32,0.46,0.66,0.92,1.23,1.5,2021-04-07_15:14:52
0.32,0.46,0.66,0.92,1.23,1.5,2021-04-07_15:14:52
0.32,0.47,0.66,0.92,1.23,1.5,2021-04-07_15:14:52
0.32,0.47,0.66,0.92,1.23,1.5,2021-04-07_15:14:52
0.32,0.47,0.66,0.92,1.23,1.5,2021-04-07_15:14:52
0.32,0.47,0.66,0.92,1.23,1.5,2021-04-07_15:14:52
0.32,0.47,0.66,0.92,1.23,1.5,2021-04-07_15:14:52
0.32,0.47,0.67,0.92,1.23,1.5,2021-04-07_15:14:52
0.32,0.47,0.67,0.93,1.23,1.5,2021-04-07_15:14:52
0.32,0.47,0.67,0.93,1.24,1.5,2021-04-07_15:14:52
0.32,0.47,0.67,0.93,1.24,1.5,2021-04-07_15:14:52
0.32,0.48,0.67,0.93,1.24,1.51,2021-04-07_15:14:52
0.32,0.48,0.67,0.93,1.24,1.51,2021-04-07_15:14:52
0.32,0.48,0.68,0.94,1.24,1.51,2021-04-07_15:14:53
0.32,0.48,0.68,0.94,1.25,1.52,2021-04-07_15:14:53
0.32,0.49,0.68,0.94,1.25,1.52,2021-04-07_15:14:53
0.32,0.49,0.69,0.95,1.26,1.53,2021-04-07_15:14:53
0.32,0.51,0.7,0.96,1.27,1.54,2021-04-07_15:14:53
0.32,0.52,0.71,0.97,1.28,1.54,2021-04-07_15:14:53
0.32,0.52,0.71,0.98,1.28,1.55,2021-04-07_15:14:53
0.32,0.52,0.72,0.98,1.3,1.56,2021-04-07_15:14:53
0.32,0.54,0.73,1.0,1.31,1.58,2021-04-07_15:14:53
0.32,0.56,0.76,1.02,1.33,1.6,2021-04-07_15:14:53
0.32,0.58,0.77,1.04,1.35,1.64,2021-04-07_15:14:53
0.32,0.62,0.81,1.07,1.39,1.67,2021-04-07_15:14:53
0.32,0.66,0.84,1.1,1.4,1.68,2021-04-07_15:14:53
0.32,0.68,0.88,1.14,1.45,1.72,2021-04-07_15:14:54
0.32,0.72,0.93,1.19,1.5,1.77,2021-04-07_15:14:54
0.32,0.75,0.97,1.25,1.57,1.85,2021-04-07_15:14:54
0.32,0.83,1.03,1.33,1.67,1.95,2021-04-07_15:14:54
0.32,0.95,1.16,1.44,1.8,2.13,2021-04-07_15:14:54
0.32,1.2,1.36,1.59,1.91,2.24,2021-04-07_15:14:54
0.32,1.25,1.43,1.71,2.07,2.35,2021-04-07_15:14:54
0.32,1.4,1.65,1.97,2.3,2.59,2021-04-07_15:14:54
0.32,1.77,2.04,2.38,2.65,2.9,2021-04-07_15:14:54
0.32,1.91,2.11,2.37,2.67,2.96,2021-04-07_15:14:54
0.32,1.95,2.14,2.39,2.71,2.99,2021-04-07_15:14:54
0.32,1.97,2.17,2.44,2.76,3.03,2021-04-07_15:14:54
0.32,2.02,2.21,2.46,2.78,3.04,2021-04-07_15:14:54
0.32,2.01,2.2,2.46,2.77,3.03,2021-04-07_15:14:54
0.32,2.03,2.21,2.47,2.78,3.06,2021-04-07_15:14:55
0.32,2.03,2.23,2.48,2.79,3.06,2021-04-07_15:14:55
0.32,2.04,2.25,2.49,2.8,3.07,2021-04-07_15:14:55
0.32,2.04,2.23,2.48,2.78,3.05,2021-04-07_15:14:55
0.32,2.03,2.22,2.49,2.79,3.06,2021-04-07_15:14:55
0.32,2.03,2.23,2.48,2.79,3.06,2021-04-07_15:14:55
0.32,2.01,2.21,2.46,2.78,3.03,2021-04-07_15:14:55
0.32,2.0,2.13,2.4,2.69,2.99,2021-04-07_15:14:55
0.32,1.88,2.05,2.19,2.44,2.65,2021-04-07_15:14:55
0.32,1.46,1.6,1.83,2.0,2.19,2021-04-07_15:14:55
0.32,1.13,1.34,1.56,1.78,1.93,2021-04-07_15:14:55
0.32,0.89,1.09,1.31,1.57,1.79,2021-04-07_15:14:55
0.32,0.72,0.92,1.19,1.49,1.74,2021-04-07_15:14:55
0.32,0.67,0.86,1.1,1.42,1.68,2021-04-07_15:14:56
0.32,0.65,0.82,1.06,1.36,1.63,2021-04-07_15:14:56
0.32,0.61,0.8,1.05,1.35,1.6,2021-04-07_15:14:56
0.32,0.58,0.77,1.03,1.32,1.58,2021-04-07_15:14:56
0.32,0.56,0.75,1.01,1.31,1.57,2021-04-07_15:14:56
0.32,0.54,0.73,0.99,1.29,1.56,2021-04-07_15:14:56
0.32,0.53,0.72,0.97,1.28,1.54,2021-04-07_15:14:56
0.32,0.52,0.71,0.96,1.27,1.53,2021-04-07_15:14:56
0.32,0.51,0.7,0.95,1.26,1.52,2021-04-07_15:14:56
0.32,0.5,0.69,0.94,1.25,1.51,2021-04-07_15:14:56
0.32,0.49,0.68,0.94,1.24,1.51,2021-04-07_15:14:56
0.32,0.49,0.68,0.94,1.24,1.51,2021-04-07_15:14:56
0.32,0.48,0.68,0.93,1.24,1.51,2021-04-07_15:14:56
0.32,0.48,0.68,0.93,1.24,1.51,2021-04-07_15:14:57
0.32,0.48,0.67,0.93,1.24,1.5,2021-04-07_15:14:57
0.32,0.48,0.67,0.93,1.23,1.5,2021-04-07_15:14:57
0.32,0.48,0.67,0.93,1.23,1.5,2021-04-07_15:14:57
0.32,0.48,0.67,0.93,1.23,1.5,2021-04-07_15:14:57
0.32,0.48,0.67,0.93,1.23,1.5,2021-04-07_15:14:57
0.32,0.47,0.67,0.93,1.23,1.5,2021-04-07_15:14:57
0.32,0.47,0.67,0.93,1.23,1.5,2021-04-07_15:14:57
0.32,0.47,0.67,0.92,1.23,1.5,2021-04-07_15:14:57
0.32,0.47,0.67,0.92,1.23,1.5,2021-04-07_15:14:57
0.32,0.47,0.67,0.92,1.23,1.49,2021-04-07_15:14:57
0.32,0.47,0.67,0.92,1.23,1.49,2021-04-07_15:14:57
0.32,0.47,0.66,0.92,1.23,1.49,2021-04-07_15:14:57
0.32,0.47,0.66,0.92,1.23,1.49,2021-04-07_15:14:57
0.32,0.47,0.66,0.92,1.23,1.49,2021-04-07_15:14:58
0.32,0.47,0.66,0.92,1.23,1.49,2021-04-07_15:14:58
0.32,0.47,0.66,0.92,1.23,1.49,2021-04-07_15:14:58
0.32,0.47,0.66,0.92,1.23,1.49,2021-04-07_15:14:58
0.32,0.47,0.66,0.92,1.22,1.49,2021-04-07_15:14:58
0.32,0.47,0.66,0.92,1.22,1.49,2021-04-07_15:14:58
0.32,0.46,0.66,0.92,1.22,1.49,2021-04-07_15:14:58
0.32,0.46,0.66,0.92,1.22,1.49,2021-04-07_15:14:58
0.32,0.46,0.66,0.92,1.22,1.49,2021-04-07_15:14:58
0.32,0.46,0.66,0.92,1.22,1.49,2021-04-07_15:14:58
0.32,0.46,0.66,0.92,1.22,1.49,2021-04-07_15:14:58
0.32,0.46,0.66,0.92,1.22,1.49,2021-04-07_15:14:58
0.32,0.46,0.66,0.92,1.22,1.49,2021-04-07_15:14:58
0.32,0.46,0.66,0.92,1.22,1.49,2021-04-07_15:14:59
0.32,0.46,0.66,0.92,1.22,1.49,2021-04-07_15:14:59
0.32,0.46,0.66,0.92,1.22,1.49,2021-04-07_15:14:59
0.32,0.46,0.66,0.92,1.22,1.49,2021-04-07_15:14:59
0.32,0.46,0.66,0.92,1.22,1.49,2021-04-07_15:14:59
0.32,0.46,0.66,0.92,1.22,1.49,2021-04-07_15:14:59
0.32,0.46,0.66,0.92,1.22,1.49,2021-04-07_15:14:59
0.32,0.46,0.66,0.92,1.22,1.49,2021-04-07_15:14:59
0.32,0.46,0.66,0.92,1.22,1.49,2021-04-07_15:14:59
0.32,0.46,0.66,0.92,1.22,1.49,2021-04-07_15:14:59
0.32,0.46,0.66,0.92,1.22,1.49,2021-04-07_15:14:59
0.32,0.46,0.66,0.92,1.22,1.49,2021-04-07_15:14:59
0.32,0.46,0.66,0.92,1.22,1.49,2021-04-07_15:14:59
0.32,0.46,0.66,0.92,1.22,1.49,2021-04-07_15:14:59
0.32,0.46,0.66,0.92,1.22,1.49,2021-04-07_15:15:00
0.32,0.46,0.66,0.92,1.22,1.49,2021-04-07_15:15:00
0.32,0.46,0.66,0.92,1.22,1.49,2021-04-07_15:15:00
0.32,0.46,0.66,0.92,1.22,1.49,2021-04-07_15:15:00
0.32,0.46,0.66,0.92,1.22,1.49,2021-04-07_15:15:00
0.32,0.46,0.66,0.92,1.22,1.49,2021-04-07_15:15:00
0.32,0.46,0.66,0.92,1.22,1.49,2021-04-07_15:15:00
0.32,0.46,0.66,0.92,1.22,1.49,2021-04-07_15:15:00
0.32,0.46,0.66,0.92,1.22,1.49,2021-04-07_15:15:00
0.32,0.46,0.66,0.92,1.22,1.49,2021-04-07_15:15:00
0.32,0.46,0.66,0.92,1.22,1.49,2021-04-07_15:15:00
0.32,0.46,0.66,0.92,1.22,1.49,2021-04-07_15:15:00
0.32,0.46,0.66,0.92,1.22,1.49,2021-04-07_15:15:00
0.32,0.46,0.66,0.92,1.22,1.49,2021-04-07_15:15:01
0.32,0.46,0.66,0.92,1.22,1.49,2021-04-07_15:15:01
0.32,0.46,0.66,0.92,1.22,1.49,2021-04-07_15:15:01
0.32,0.46,0.66,0.92,1.22,1.49,2021-04-07_15:15:01
0.32,0.46,0.66,0.92,1.22,1.49,2021-04-07_15:15:01
0.32,0.46,0.66,0.92,1.22,1.49,2021-04-07_15:15:01
0.32,0.46,0.66,0.92,1.22,1.49,2021-04-07_15:15:01
0.32,0.46,0.66,0.92,1.22,1.49,2021-04-07_15:15:01
0.32,0.46,0.66,0.92,1.22,1.49,2021-04-07_15:15:01
0.32,0.46,0.66,0.92,1.22,1.49,2021-04-07_15:15:01
0.32,0.46,0.66,0.92,1.22,1.49,2021-04-07_15:15:01
0.32,0.46,0.66,0.92,1.22,1.49,2021-04-07_15:15:01
0.32,0.46,0.66,0.92,1.22,1.49,2021-04-07_15:15:01
0.32,0.46,0.66,0.92,1.22,1.49,2021-04-07_15:15:02
0.32,0.46,0.66,0.92,1.23,1.49,2021-04-07_15:15:02
0.32,0.46,0.66,0.92,1.22,1.49,2021-04-07_15:15:02
0.32,0.46,0.66,0.92,1.22,1.49,2021-04-07_15:15:02
0.32,0.46,0.66,0.92,1.22,1.49,2021-04-07_15:15:02
0.32,0.46,0.66,0.92,1.23,1.49,2021-04-07_15:15:02
0.32,0.46,0.66,0.92,1.23,1.49,2021-04-07_15:15:02
0.32,0.46,0.66,0.92,1.23,1.49,2021-04-07_15:15:02
0.32,0.46,0.66,0.92,1.22,1.49,2021-04-07_15:15:02
0.32,0.46,0.66,0.92,1.23,1.49,2021-04-07_15:15:02
0.32,0.46,0.66,0.92,1.23,1.49,2021-04-07_15:15:02
0.32,0.46,0.66,0.92,1.23,1.49,2021-04-07_15:15:02
0.32,0.46,0.66,0.92,1.22,1.49,2021-04-07_15:15:02
0.32,0.46,0.66,0.92,1.23,1.49,2021-04-07_15:15:02
0.32,0.46,0.66,0.92,1.23,1.49,2021-04-07_15:15:03
0.32,0.46,0.66,0.92,1.23,1.49,2021-04-07_15:15:03
0.32,0.46,0.66,0.92,1.23,1.49,2021-04-07_15:15:03
0.32,0.46,0.66,0.92,1.23,1.49,2021-04-07_15:15:03
0.32,0.46,0.66,0.92,1.23,1.49,2021-04-07_15:15:03
0.32,0.46,0.66,0.92,1.23,1.49,2021-04-07_15:15:03
0.32,0.46,0.66,0.92,1.23,1.49,2021-04-07_15:15:03
0.32,0.46,0.66,0.92,1.23,1.49,2021-04-07_15:15:03
0.32,0.46,0.66,0.92,1.23,1.49,2021-04-07_15:15:03
0.32,0.46,0.66,0.92,1.23,1.49,2021-04-07_15:15:03
0.32,0.46,0.66,0.92,1.23,1.49,2021-04-07_15:15:03
0.32,0.46,0.66,0.92,1.23,1.49,2021-04-07_15:15:03
0.32,0.46,0.66,0.92,1.23,1.49,2021-04-07_15:15:03
0.32,0.46,0.66,0.92,1.23,1.49,2021-04-07_15:15:04
0.32,0.46,0.66,0.92,1.23,1.49,2021-04-07_15:15:04
0.32,0.46,0.66,0.92,1.23,1.49,2021-04-07_15:15:04
0.32,0.46,0.66,0.92,1.23,1.49,2021-04-07_15:15:04
0.32,0.46,0.66,0.92,1.23,1.49,2021-04-07_15:15:04
0.32,0.46,0.66,0.92,1.23,1.49,2021-04-07_15:15:04
0.32,0.46,0.66,0.92,1.23,1.49,2021-04-07_15:15:04
0.32,0.46,0.66,0.92,1.23,1.49,2021-04-07_15:15:04
0.32,0.46,0.66,0.92,1.23,1.49,2021-04-07_15:15:04
0.32,0.46,0.66,0.92,1.23,1.49,2021-04-07_15:15:04
0.32,0.46,0.66,0.92,1.23,1.49,2021-04-07_15:15:04
0.32,0.46,0.66,0.92,1.23,1.49,2021-04-07_15:15:04
0.32,0.46,0.66,0.92,1.23,1.49,2021-04-07_15:15:04
0.32,0.46,0.66,0.92,1.23,1.49,2021-04-07_15:15:05
0.32,0.46,0.66,0.92,1.23,1.49,2021-04-07_15:15:05
0.32,0.46,0.66,0.92,1.23,1.49,2021-04-07_15:15:05
0.32,0.46,0.66,0.92,1.23,1.49,2021-04-07_15:15:05
0.32,0.46,0.66,0.92,1.23,1.49,2021-04-07_15:15:05
0.32,0.46,0.66,0.92,1.23,1.49,2021-04-07_15:15:05
0.32,0.46,0.66,0.92,1.23,1.49,2021-04-07_15:15:05
0.32,0.46,0.66,0.92,1.23,1.49,2021-04-07_15:15:05
0.32,0.46,0.66,0.92,1.23,1.49,2021-04-07_15:15:05
0.32,0.46,0.66,0.92,1.23,1.49,2021-04-07_15:15:05
0.32,0.46,0.66,0.92,1.23,1.49,2021-04-07_15:15:05
0.32,0.46,0.66,0.92,1.23,1.49,2021-04-07_15:15:05
0.32,0.46,0.66,0.92,1.23,1.49,2021-04-07_15:15:05
0.32,0.46,0.66,0.92,1.23,1.49,2021-04-07_15:15:05
0.32,0.46,0.66,0.92,1.23,1.49,2021-04-07_15:15:06
0.32,0.46,0.66,0.92,1.23,1.49,2021-04-07_15:15:06
0.32,0.46,0.66,0.92,1.23,1.49,2021-04-07_15:15:06
0.32,0.46,0.66,0.92,1.23,1.49,2021-04-07_15:15:06
0.32,0.46,0.66,0.92,1.23,1.49,2021-04-07_15:15:06
0.32,0.46,0.66,0.92,1.23,1.49,2021-04-07_15:15:06
0.32,0.46,0.66,0.92,1.23,1.49,2021-04-07_15:15:06
0.32,0.46,0.66,0.92,1.23,1.49,2021-04-07_15:15:06
0.32,0.46,0.66,0.92,1.23,1.49,2021-04-07_15:15:06
0.32,0.46,0.66,0.92,1.23,1.49,2021-04-07_15:15:06
0.32,0.46,0.66,0.92,1.23,1.49,2021-04-07_15:15:06
0.32,0.46,0.66,0.92,1.23,1.49,2021-04-07_15:15:06
0.32,0.46,0.66,0.92,1.23,1.49,2021-04-07_15:15:06
0.32,0.46,0.66,0.92,1.23,1.49,2021-04-07_15:15:07
0.32,0.46,0.66,0.92,1.23,1.49,2021-04-07_15:15:07
0.32,0.46,0.66,0.92,1.23,1.49,2021-04-07_15:15:07
0.32,0.46,0.66,0.92,1.23,1.49,2021-04-07_15:15:07
0.32,0.46,0.66,0.92,1.23,1.49,2021-04-07_15:15:07
0.32,0.46,0.66,0.92,1.23,1.49,2021-04-07_15:15:07
0.32,0.46,0.66,0.92,1.23,1.49,2021-04-07_15:15:07
0.32,0.46,0.66,0.92,1.23,1.49,2021-04-07_15:15:07
0.32,0.46,0.66,0.92,1.23,1.49,2021-04-07_15:15:07
0.32,0.46,0.66,0.92,1.23,1.49,2021-04-07_15:15:07
0.32,0.46,0.66,0.92,1.23,1.49,2021-04-07_15:15:07
0.32,0.46,0.66,0.92,1.23,1.49,2021-04-07_15:15:07
0.32,0.46,0.66,0.92,1.23,1.49,2021-04-07_15:15:07
0.32,0.46,0.66,0.92,1.23,1.49,2021-04-07_15:15:07
0.32,0.46,0.66,0.92,1.23,1.49,2021-04-07_15:15:08
0.32,0.46,0.66,0.92,1.23,1.49,2021-04-07_15:15:08
0.32,0.46,0.66,0.92,1.23,1.49,2021-04-07_15:15:08
0.32,0.46,0.66,0.92,1.23,1.49,2021-04-07_15:15:08
0.32,0.46,0.66,0.92,1.23,1.49,2021-04-07_15:15:08
0.32,0.46,0.66,0.92,1.23,1.49,2021-04-07_15:15:08
0.32,0.46,0.66,0.92,1.23,1.49,2021-04-07_15:15:08
0.32,0.46,0.66,0.92,1.23,1.49,2021-04-07_15:15:08
0.32,0.46,0.66,0.92,1.23,1.49,2021-04-07_15:15:08
0.32,0.46,0.66,0.92,1.23,1.49,2021-04-07_15:15:08
0.32,0.46,0.66,0.92,1.23,1.49,2021-04-07_15:15:08
0.32,0.46,0.66,0.92,1.23,1.49,2021-04-07_15:15:08
0.32,0.46,0.66,0.92,1.23,1.49,2021-04-07_15:15:08
0.32,0.46,0.66,0.92,1.23,1.49,2021-04-07_15:15:09
0.32,0.46,0.66,0.92,1.23,1.49,2021-04-07_15:15:09
0.32,0.46,0.66,0.92,1.23,1.49,2021-04-07_15:15:09
0.32,0.46,0.66,0.92,1.23,1.49,2021-04-07_15:15:09
0.32,0.46,0.66,0.92,1.23,1.49,2021-04-07_15:15:09
0.32,0.46,0.66,0.92,1.23,1.49,2021-04-07_15:15:09
0.32,0.46,0.66,0.92,1.23,1.49,2021-04-07_15:15:09
0.32,0.46,0.66,0.92,1.23,1.49,2021-04-07_15:15:09
0.32,0.46,0.66,0.92,1.23,1.49,2021-04-07_15:15:09
0.32,0.46,0.66,0.92,1.23,1.49,2021-04-07_15:15:09
0.32,0.46,0.66,0.92,1.23,1.49,2021-04-07_15:15:09
0.32,0.46,0.66,0.92,1.23,1.49,2021-04-07_15:15:09
0.32,0.46,0.66,0.92,1.23,1.49,2021-04-07_15:15:09
0.32,0.46,0.66,0.92,1.23,1.49,2021-04-07_15:15:10
0.32,0.46,0.66,0.92,1.23,1.49,2021-04-07_15:15:10
0.32,0.46,0.66,0.92,1.23,1.49,2021-04-07_15:15:10
0.32,0.46,0.66,0.92,1.23,1.49,2021-04-07_15:15:10
0.32,0.46,0.66,0.92,1.23,1.49,2021-04-07_15:15:10
0.32,0.46,0.66,0.92,1.23,1.49,2021-04-07_15:15:10
0.32,0.46,0.66,0.92,1.23,1.49,2021-04-07_15:15:10
0.32,0.46,0.66,0.92,1.23,1.49,2021-04-07_15:15:10
0.32,0.46,0.66,0.92,1.23,1.49,2021-04-07_15:15:10
0.32,0.46,0.66,0.92,1.23,1.49,2021-04-07_15:15:10
0.32,0.46,0.66,0.92,1.23,1.49,2021-04-07_15:15:10
0.32,0.46,0.66,0.92,1.22,1.49,2021-04-07_15:15:10
0.32,0.46,0.66,0.92,1.23,1.49,2021-04-07_15:15:10
0.32,0.46,0.66,0.92,1.23,1.49,2021-04-07_15:15:10
0.32,0.46,0.66,0.92,1.23,1.49,2021-04-07_15:15:11
0.32,0.46,0.66,0.92,1.22,1.49,2021-04-07_15:15:11
0.32,0.46,0.66,0.92,1.23,1.49,2021-04-07_15:15:11
0.32,0.46,0.66,0.92,1.23,1.49,2021-04-07_15:15:11
0.32,0.46,0.66,0.92,1.23,1.49,2021-04-07_15:15:11
0.32,0.46,0.66,0.92,1.22,1.49,2021-04-07_15:15:11
0.32,0.46,0.66,0.92,1.23,1.49,2021-04-07_15:15:11
0.32,0.46,0.66,0.92,1.23,1.49,2021-04-07_15:15:11
0.32,0.46,0.66,0.92,1.23,1.49,2021-04-07_15:15:11
0.32,0.46,0.66,0.92,1.22,1.49,2021-04-07_15:15:11
0.32,0.46,0.66,0.92,1.23,1.49,2021-04-07_15:15:11
0.32,0.46,0.66,0.92,1.22,1.49,2021-04-07_15:15:11
0.32,0.46,0.66,0.92,1.22,1.49,2021-04-07_15:15:11
0.32,0.46,0.66,0.92,1.22,1.49,2021-04-07_15:15:12
0.32,0.46,0.66,0.92,1.23,1.49,2021-04-07_15:15:12
0.32,0.46,0.66,0.92,1.22,1.49,2021-04-07_15:15:12
0.32,0.46,0.66,0.92,1.22,1.49,2021-04-07_15:15:12
0.32,0.46,0.66,0.92,1.23,1.49,2021-04-07_15:15:12
0.32,0.46,0.66,0.92,1.23,1.49,2021-04-07_15:15:12
0.32,0.46,0.66,0.92,1.23,1.49,2021-04-07_15:15:12
0.32,0.46,0.66,0.92,1.23,1.49,2021-04-07_15:15:12
0.32,0.46,0.66,0.92,1.23,1.49,2021-04-07_15:15:12
0.32,0.46,0.66,0.92,1.23,1.49,2021-04-07_15:15:12
0.32,0.46,0.66,0.92,1.23,1.49,2021-04-07_15:15:12
0.32,0.46,0.66,0.92,1.23,1.49,2021-04-07_15:15:12
0.32,0.46,0.66,0.92,1.23,1.49,2021-04-07_15:15:12
0.32,0.46,0.66,0.92,1.23,1.49,2021-04-07_15:15:13
0.32,0.46,0.66,0.92,1.23,1.49,2021-04-07_15:15:13
0.32,0.46,0.66,0.92,1.23,1.49,2021-04-07_15:15:13
0.32,0.46,0.66,0.92,1.23,1.49,2021-04-07_15:15:13
0.32,0.46,0.66,0.92,1.23,1.49,2021-04-07_15:15:13
0.32,0.46,0.66,0.92,1.23,1.5,2021-04-07_15:15:13
0.32,0.46,0.66,0.92,1.23,1.5,2021-04-07_15:15:13
0.32,0.46,0.66,0.92,1.23,1.5,2021-04-07_15:15:13
0.32,0.46,0.66,0.92,1.23,1.5,2021-04-07_15:15:13
0.32,0.46,0.66,0.92,1.23,1.5,2021-04-07_15:15:13
0.32,0.46,0.66,0.92,1.23,1.5,2021-04-07_15:15:13
0.32,0.46,0.67,0.92,1.23,1.5,2021-04-07_15:15:13
0.32,0.46,0.67,0.92,1.23,1.5,2021-04-07_15:15:13
0.32,0.45,0.67,0.93,1.23,1.5,2021-04-07_15:15:13
0.32,0.45,0.67,0.93,1.23,1.5,2021-04-07_15:15:14
0.32,0.45,0.67,0.93,1.24,1.5,2021-04-07_15:15:14
0.32,0.45,0.67,0.93,1.24,1.5,2021-04-07_15:15:14
0.32,0.45,0.67,0.93,1.24,1.51,2021-04-07_15:15:14
0.32,0.45,0.68,0.93,1.24,1.51,2021-04-07_15:15:14
0.32,0.45,0.68,0.94,1.24,1.51,2021-04-07_15:15:14
0.32,0.45,0.68,0.94,1.25,1.51,2021-04-07_15:15:14
0.32,0.45,0.68,0.94,1.25,1.51,2021-04-07_15:15:14
0.32,0.45,0.69,0.94,1.25,1.52,2021-04-07_15:15:14
0.32,0.45,0.69,0.95,1.26,1.52,2021-04-07_15:15:14
0.32,0.45,0.7,0.96,1.26,1.53,2021-04-07_15:15:14
0.32,0.45,0.7,0.96,1.27,1.53,2021-04-07_15:15:14
0.32,0.45,0.71,0.97,1.27,1.54,2021-04-07_15:15:14
0.32,0.45,0.71,0.97,1.28,1.55,2021-04-07_15:15:15
0.32,0.45,0.72,0.98,1.29,1.56,2021-04-07_15:15:15
0.32,0.45,0.74,0.99,1.29,1.56,2021-04-07_15:15:15
0.32,0.45,0.74,0.99,1.3,1.57,2021-04-07_15:15:15
0.32,0.45,0.75,1.01,1.31,1.58,2021-04-07_15:15:15
0.32,0.45,0.77,1.03,1.34,1.61,2021-04-07_15:15:15
0.32,0.45,0.81,1.08,1.39,1.65,2021-04-07_15:15:15
0.32,0.45,0.84,1.11,1.41,1.68,2021-04-07_15:15:15
0.32,0.45,0.86,1.12,1.44,1.71,2021-04-07_15:15:15
0.32,0.45,0.88,1.13,1.44,1.71,2021-04-07_15:15:15
0.32,0.45,0.9,1.16,1.47,1.75,2021-04-07_15:15:15
0.32,0.45,1.04,1.28,1.58,1.85,2021-04-07_15:15:15
0.32,0.45,1.16,1.43,1.72,1.98,2021-04-07_15:15:15
0.32,0.45,1.24,1.49,1.79,2.07,2021-04-07_15:15:15
0.32,0.45,1.32,1.6,1.94,2.21,2021-04-07_15:15:16
0.32,0.45,1.41,1.71,2.03,2.33,2021-04-07_15:15:16
0.32,0.45,1.53,1.85,2.28,2.67,2021-04-07_15:15:16
0.32,0.45,1.87,2.15,2.57,2.97,2021-04-07_15:15:16
0.32,0.45,2.19,2.5,2.85,3.15,2021-04-07_15:15:16
0.32,0.45,2.56,2.81,3.14,3.48,2021-04-07_15:15:16
0.32,0.45,3.15,3.5,3.86,4.22,2021-04-07_15:15:16
0.32,0.45,3.84,4.28,4.68,4.99,2021-04-07_15:15:16
0.32,0.45,4.65,5.07,5.12,5.12,2021-04-07_15:15:16
0.32,0.45,5.12,5.12,5.12,5.12,2021-04-07_15:15:16
0.32,0.45,5.12,5.12,5.12,5.12,2021-04-07_15:15:16
0.32,0.45,5.12,5.12,5.12,5.12,2021-04-07_15:15:16
0.32,0.45,5.12,5.12,5.12,5.12,2021-04-07_15:15:16
0.32,0.45,5.12,5.12,5.12,5.12,2021-04-07_15:15:17
0.32,0.45,5.12,5.12,5.12,5.12,2021-04-07_15:15:17
0.32,0.45,5.12,5.12,5.12,5.12,2021-04-07_15:15:17
0.32,0.45,5.12,5.12,5.12,5.12,2021-04-07_15:15:17
0.32,0.45,5.12,5.12,5.12,5.12,2021-04-07_15:15:17
0.32,0.45,5.12,5.12,5.12,5.12,2021-04-07_15:15:17
0.32,0.45,5.12,5.12,5.12,5.12,2021-04-07_15:15:17
0.32,0.45,5.12,5.12,5.12,5.12,2021-04-07_15:15:17
0.32,0.45,5.12,5.12,5.12,5.12,2021-04-07_15:15:17
0.32,0.45,5.12,5.12,5.12,5.12,2021-04-07_15:15:17
0.32,0.45,5.12,5.12,5.12,5.12,2021-04-07_15:15:17
0.32,0.45,5.12,5.12,5.12,5.12,2021-04-07_15:15:17
0.32,0.45,5.12,5.12,5.12,5.12,2021-04-07_15:15:17
0.32,0.45,5.12,5.12,5.12,5.12,2021-04-07_15:15:18
0.32,0.45,5.12,5.12,5.12,5.12,2021-04-07_15:15:18
0.32,0.45,3.61,3.73,3.83,3.85,2021-04-07_15:15:18
0.32,0.45,2.48,2.7,2.97,3.11,2021-04-07_15:15:18
0.32,0.45,1.89,2.04,2.25,2.45,2021-04-07_15:15:18
0.32,0.45,1.37,1.57,1.86,2.13,2021-04-07_15:15:18
0.32,0.45,1.17,1.41,1.71,1.99,2021-04-07_15:15:18
0.32,0.45,1.13,1.36,1.65,1.91,2021-04-07_15:15:18
0.32,0.45,1.05,1.26,1.53,1.76,2021-04-07_15:15:18
0.32,0.45,0.93,1.18,1.44,1.67,2021-04-07_15:15:18
0.32,0.45,0.86,1.11,1.4,1.65,2021-04-07_15:15:18
0.32,0.45,0.83,1.08,1.38,1.65,2021-04-07_15:15:18
0.32,0.45,0.82,1.08,1.38,1.64,2021-04-07_15:15:18
0.32,0.45,0.79,1.05,1.35,1.61,2021-04-07_15:15:18
0.32,0.45,0.76,1.0,1.3,1.56,2021-04-07_15:15:19
0.32,0.45,0.74,0.99,1.29,1.56,2021-04-07_15:15:19
0.32,0.45,0.73,0.99,1.29,1.55,2021-04-07_15:15:19
0.32,0.45,0.72,0.98,1.28,1.54,2021-04-07_15:15:19
0.32,0.45,0.71,0.97,1.27,1.53,2021-04-07_15:15:19
0.32,0.45,0.7,0.96,1.27,1.53,2021-04-07_15:15:19
0.32,0.45,0.7,0.96,1.26,1.52,2021-04-07_15:15:19
0.32,0.45,0.7,0.95,1.26,1.52,2021-04-07_15:15:19
0.32,0.45,0.7,0.95,1.26,1.52,2021-04-07_15:15:19
0.32,0.45,0.69,0.95,1.25,1.51,2021-04-07_15:15:19
0.32,0.45,0.69,0.94,1.24,1.51,2021-04-07_15:15:19
0.32,0.45,0.68,0.94,1.24,1.51,2021-04-07_15:15:19
0.32,0.45,0.68,0.94,1.24,1.51,2021-04-07_15:15:19
0.32,0.45,0.68,0.94,1.24,1.51,2021-04-07_15:15:20
0.32,0.45,0.68,0.94,1.24,1.5,2021-04-07_15:15:20
0.32,0.45,0.68,0.93,1.24,1.5,2021-04-07_15:15:20
0.32,0.45,0.68,0.93,1.24,1.5,2021-04-07_15:15:20
0.32,0.45,0.68,0.93,1.24,1.5,2021-04-07_15:15:20
0.32,0.45,0.67,0.93,1.24,1.5,2021-04-07_15:15:20
0.32,0.45,0.67,0.93,1.24,1.5,2021-04-07_15:15:20
0.32,0.45,0.67,0.93,1.24,1.5,2021-04-07_15:15:20
0.32,0.45,0.67,0.93,1.24,1.5,2021-04-07_15:15:20
0.32,0.45,0.67,0.93,1.24,1.5,2021-04-07_15:15:20
0.32,0.45,0.67,0.93,1.23,1.5,2021-04-07_15:15:20
0.32,0.45,0.67,0.93,1.23,1.5,2021-04-07_15:15:20
0.32,0.45,0.67,0.93,1.23,1.5,2021-04-07_15:15:20
0.32,0.45,0.67,0.93,1.23,1.5,2021-04-07_15:15:20
0.32,0.45,0.67,0.93,1.23,1.5,2021-04-07_15:15:21
0.32,0.45,0.67,0.93,1.23,1.5,2021-04-07_15:15:21
0.32,0.45,0.67,0.93,1.23,1.5,2021-04-07_15:15:21
0.32,0.45,0.67,0.93,1.23,1.5,2021-04-07_15:15:21
0.32,0.45,0.67,0.93,1.23,1.5,2021-04-07_15:15:21
0.32,0.45,0.67,0.93,1.23,1.5,2021-04-07_15:15:21
0.32,0.46,0.67,0.93,1.23,1.5,2021-04-07_15:15:21
0.32,0.46,0.67,0.93,1.23,1.5,2021-04-07_15:15:21
0.32,0.46,0.66,0.93,1.23,1.5,2021-04-07_15:15:21
0.32,0.46,0.66,0.93,1.23,1.5,2021-04-07_15:15:21
0.32,0.46,0.66,0.93,1.23,1.5,2021-04-07_15:15:21
0.32,0.46,0.66,0.92,1.23,1.5,2021-04-07_15:15:21
0.32,0.46,0.66,0.92,1.23,1.5,2021-04-07_15:15:21
0.32,0.46,0.66,0.92,1.23,1.5,2021-04-07_15:15:22
0.32,0.46,0.66,0.92,1.23,1.5,2021-04-07_15:15:22
0.32,0.46,0.66,0.92,1.23,1.5,2021-04-07_15:15:22
0.32,0.46,0.66,0.92,1.23,1.5,2021-04-07_15:15:22
0.32,0.46,0.66,0.92,1.23,1.5,2021-04-07_15:15:22
0.32,0.46,0.66,0.92,1.23,1.5,2021-04-07_15:15:22
0.32,0.46,0.66,0.92,1.23,1.5,2021-04-07_15:15:22
0.32,0.46,0.66,0.92,1.23,1.5,2021-04-07_15:15:22
0.32,0.46,0.66,0.92,1.23,1.5,2021-04-07_15:15:22
0.32,0.46,0.66,0.92,1.23,1.5,2021-04-07_15:15:22
0.32,0.46,0.66,0.92,1.23,1.5,2021-04-07_15:15:22
0.32,0.46,0.66,0.92,1.23,1.5,2021-04-07_15:15:22
0.32,0.46,0.66,0.92,1.23,1.5,2021-04-07_15:15:22
0.32,0.46,0.66,0.92,1.23,1.5,2021-04-07_15:15:23
0.32,0.46,0.66,0.92,1.23,1.5,2021-04-07_15:15:23
0.32,0.46,0.66,0.92,1.23,1.5,2021-04-07_15:15:23
0.32,0.46,0.66,0.92,1.23,1.5,2021-04-07_15:15:23
0.32,0.46,0.66,0.92,1.23,1.5,2021-04-07_15:15:23
0.32,0.46,0.66,0.92,1.23,1.5,2021-04-07_15:15:23
0.32,0.46,0.66,0.92,1.23,1.5,2021-04-07_15:15:23
0.32,0.46,0.66,0.92,1.23,1.5,2021-04-07_15:15:23
0.32,0.46,0.66,0.92,1.23,1.5,2021-04-07_15:15:23
0.32,0.46,0.66,0.92,1.23,1.5,2021-04-07_15:15:23
0.32,0.46,0.66,0.92,1.23,1.5,2021-04-07_15:15:23
0.32,0.46,0.66,0.92,1.23,1.5,2021-04-07_15:15:23
0.32,0.46,0.66,0.92,1.23,1.5,2021-04-07_15:15:23
0.32,0.46,0.66,0.92,1.23,1.5,2021-04-07_15:15:23
0.32,0.46,0.66,0.92,1.23,1.5,2021-04-07_15:15:24
0.32,0.46,0.66,0.92,1.23,1.5,2021-04-07_15:15:24
0.32,0.46,0.66,0.92,1.23,1.5,2021-04-07_15:15:24
0.32,0.46,0.66,0.92,1.23,1.5,2021-04-07_15:15:24
0.32,0.46,0.66,0.92,1.23,1.5,2021-04-07_15:15:24
0.32,0.46,0.66,0.92,1.23,1.5,2021-04-07_15:15:24
0.32,0.46,0.66,0.92,1.23,1.5,2021-04-07_15:15:24
0.32,0.46,0.66,0.92,1.23,1.5,2021-04-07_15:15:24
0.32,0.46,0.66,0.92,1.23,1.5,2021-04-07_15:15:24
0.32,0.46,0.66,0.92,1.23,1.5,2021-04-07_15:15:24
0.32,0.46,0.66,0.92,1.23,1.5,2021-04-07_15:15:24
0.32,0.46,0.66,0.92,1.23,1.5,2021-04-07_15:15:24
0.32,0.46,0.66,0.92,1.23,1.5,2021-04-07_15:15:24
0.32,0.46,0.66,0.92,1.23,1.5,2021-04-07_15:15:25
0.32,0.46,0.66,0.92,1.23,1.5,2021-04-07_15:15:25
0.32,0.46,0.66,0.92,1.23,1.5,2021-04-07_15:15:25
0.32,0.46,0.66,0.92,1.23,1.5,2021-04-07_15:15:25
0.32,0.46,0.66,0.92,1.23,1.5,2021-04-07_15:15:25
0.32,0.46,0.66,0.92,1.23,1.5,2021-04-07_15:15:25
0.32,0.46,0.66,0.92,1.23,1.5,2021-04-07_15:15:25
0.32,0.46,0.66,0.92,1.23,1.5,2021-04-07_15:15:25
0.32,0.46,0.66,0.92,1.23,1.5,2021-04-07_15:15:25
0.32,0.46,0.66,0.92,1.23,1.5,2021-04-07_15:15:25
0.32,0.46,0.66,0.92,1.23,1.5,2021-04-07_15:15:25
0.32,0.46,0.66,0.92,1.23,1.5,2021-04-07_15:15:25
0.32,0.46,0.66,0.92,1.23,1.5,2021-04-07_15:15:25
0.32,0.46,0.66,0.92,1.23,1.5,2021-04-07_15:15:26
0.32,0.46,0.66,0.92,1.23,1.5,2021-04-07_15:15:26
0.32,0.46,0.66,0.92,1.23,1.5,2021-04-07_15:15:26
0.32,0.46,0.66,0.92,1.23,1.5,2021-04-07_15:15:26
0.32,0.46,0.66,0.92,1.23,1.5,2021-04-07_15:15:26
0.32,0.46,0.66,0.92,1.23,1.5,2021-04-07_15:15:26
0.32,0.46,0.66,0.92,1.23,1.5,2021-04-07_15:15:26
0.32,0.46,0.66,0.92,1.23,1.5,2021-04-07_15:15:26
0.32,0.46,0.66,0.92,1.23,1.5,2021-04-07_15:15:26
0.32,0.46,0.66,0.92,1.23,1.5,2021-04-07_15:15:26
0.32,0.46,0.66,0.92,1.23,1.5,2021-04-07_15:15:26
0.32,0.46,0.66,0.92,1.23,1.5,2021-04-07_15:15:26
0.32,0.46,0.66,0.92,1.23,1.5,2021-04-07_15:15:26
0.32,0.46,0.66,0.92,1.23,1.5,2021-04-07_15:15:26
0.32,0.46,0.66,0.92,1.23,1.5,2021-04-07_15:15:27
0.32,0.46,0.66,0.92,1.23,1.5,2021-04-07_15:15:27
0.32,0.46,0.66,0.92,1.23,1.5,2021-04-07_15:15:27
0.32,0.46,0.66,0.92,1.23,1.5,2021-04-07_15:15:27
0.32,0.46,0.66,0.92,1.23,1.5,2021-04-07_15:15:27
0.32,0.46,0.66,0.92,1.23,1.5,2021-04-07_15:15:27
0.32,0.46,0.66,0.92,1.23,1.5,2021-04-07_15:15:27
0.32,0.46,0.66,0.92,1.23,1.5,2021-04-07_15:15:27
0.32,0.46,0.66,0.92,1.23,1.5,2021-04-07_15:15:27
0.32,0.46,0.66,0.92,1.23,1.5,2021-04-07_15:15:27
0.32,0.46,0.66,0.92,1.23,1.5,2021-04-07_15:15:27
0.32,0.46,0.66,0.92,1.23,1.5,2021-04-07_15:15:27
0.32,0.46,0.66,0.92,1.23,1.5,2021-04-07_15:15:27
0.32,0.46,0.66,0.92,1.23,1.5,2021-04-07_15:15:28
0.32,0.46,0.66,0.92,1.23,1.5,2021-04-07_15:15:28
0.32,0.46,0.66,0.92,1.23,1.5,2021-04-07_15:15:28
0.32,0.46,0.66,0.92,1.23,1.5,2021-04-07_15:15:28
0.32,0.46,0.66,0.92,1.23,1.5,2021-04-07_15:15:28
0.32,0.46,0.66,0.92,1.23,1.5,2021-04-07_15:15:28
0.32,0.46,0.66,0.92,1.23,1.5,2021-04-07_15:15:28
0.32,0.46,0.66,0.92,1.23,1.5,2021-04-07_15:15:28
0.32,0.46,0.66,0.92,1.23,1.5,2021-04-07_15:15:28
0.32,0.46,0.66,0.92,1.23,1.5,2021-04-07_15:15:28
0.32,0.46,0.66,0.92,1.23,1.5,2021-04-07_15:15:28
0.32,0.46,0.66,0.92,1.23,1.5,2021-04-07_15:15:28
0.32,0.46,0.66,0.92,1.23,1.5,2021-04-07_15:15:28
0.32,0.46,0.66,0.92,1.23,1.5,2021-04-07_15:15:28
0.32,0.46,0.66,0.92,1.23,1.5,2021-04-07_15:15:29
0.32,0.46,0.66,0.92,1.23,1.5,2021-04-07_15:15:29
0.32,0.46,0.66,0.92,1.23,1.5,2021-04-07_15:15:29
0.32,0.46,0.66,0.92,1.23,1.5,2021-04-07_15:15:29
0.32,0.46,0.66,0.92,1.23,1.5,2021-04-07_15:15:29
0.32,0.46,0.66,0.92,1.23,1.5,2021-04-07_15:15:29
0.32,0.46,0.66,0.92,1.23,1.5,2021-04-07_15:15:29
0.32,0.46,0.66,0.92,1.23,1.5,2021-04-07_15:15:29
0.32,0.46,0.66,0.92,1.23,1.5,2021-04-07_15:15:29
0.32,0.46,0.66,0.92,1.23,1.5,2021-04-07_15:15:29
0.32,0.46,0.66,0.92,1.23,1.5,2021-04-07_15:15:29
0.32,0.46,0.66,0.92,1.23,1.5,2021-04-07_15:15:29
0.32,0.46,0.66,0.92,1.23,1.5,2021-04-07_15:15:29
0.32,0.46,0.66,0.92,1.23,1.5,2021-04-07_15:15:30
0.32,0.46,0.66,0.92,1.23,1.5,2021-04-07_15:15:30
0.32,0.46,0.66,0.92,1.23,1.5,2021-04-07_15:15:30
0.32,0.46,0.66,0.92,1.23,1.5,2021-04-07_15:15:30
0.32,0.46,0.66,0.92,1.23,1.5,2021-04-07_15:15:30
0.32,0.46,0.66,0.92,1.23,1.5,2021-04-07_15:15:30
0.32,0.46,0.66,0.92,1.23,1.5,2021-04-07_15:15:30
0.32,0.46,0.66,0.92,1.23,1.5,2021-04-07_15:15:30
0.32,0.46,0.66,0.92,1.23,1.5,2021-04-07_15:15:30
0.32,0.46,0.66,0.92,1.23,1.5,2021-04-07_15:15:30
0.32,0.46,0.66,0.92,1.23,1.5,2021-04-07_15:15:30
0.32,0.46,0.66,0.92,1.23,1.5,2021-04-07_15:15:30
0.32,0.46,0.66,0.92,1.23,1.5,2021-04-07_15:15:30
0.32,0.46,0.66,0.92,1.23,1.5,2021-04-07_15:15:31
0.32,0.46,0.66,0.92,1.23,1.5,2021-04-07_15:15:31
0.32,0.46,0.66,0.92,1.23,1.5,2021-04-07_15:15:31
0.32,0.46,0.66,0.92,1.23,1.49,2021-04-07_15:15:31
0.32,0.46,0.66,0.92,1.23,1.49,2021-04-07_15:15:31
0.32,0.46,0.66,0.92,1.23,1.49,2021-04-07_15:15:31
0.32,0.46,0.66,0.92,1.23,1.49,2021-04-07_15:15:31
0.32,0.46,0.66,0.92,1.23,1.49,2021-04-07_15:15:31
0.32,0.46,0.66,0.92,1.23,1.49,2021-04-07_15:15:31
0.32,0.46,0.66,0.92,1.23,1.49,2021-04-07_15:15:31
0.32,0.46,0.66,0.92,1.23,1.49,2021-04-07_15:15:31
0.32,0.46,0.66,0.92,1.23,1.49,2021-04-07_15:15:31
0.32,0.46,0.66,0.92,1.23,1.49,2021-04-07_15:15:31
0.32,0.46,0.66,0.92,1.22,1.49,2021-04-07_15:15:31
0.32,0.46,0.66,0.92,1.23,1.49,2021-04-07_15:15:32
0.32,0.46,0.66,0.92,1.23,1.49,2021-04-07_15:15:32
0.32,0.46,0.66,0.92,1.22,1.49,2021-04-07_15:15:32
0.32,0.46,0.66,0.92,1.22,1.49,2021-04-07_15:15:32
0.32,0.46,0.66,0.92,1.22,1.49,2021-04-07_15:15:32
0.32,0.46,0.66,0.92,1.22,1.49,2021-04-07_15:15:32
0.32,0.46,0.66,0.92,1.22,1.49,2021-04-07_15:15:32
0.32,0.46,0.66,0.92,1.22,1.49,2021-04-07_15:15:32
0.32,0.46,0.66,0.92,1.22,1.49,2021-04-07_15:15:32
0.32,0.46,0.66,0.92,1.22,1.49,2021-04-07_15:15:32
0.32,0.46,0.66,0.92,1.22,1.49,2021-04-07_15:15:32
0.32,0.46,0.66,0.92,1.22,1.49,2021-04-07_15:15:32
0.32,0.46,0.66,0.92,1.22,1.49,2021-04-07_15:15:32
0.32,0.46,0.66,0.92,1.22,1.49,2021-04-07_15:15:33
0.32,0.46,0.66,0.92,1.22,1.49,2021-04-07_15:15:33
0.32,0.46,0.66,0.92,1.22,1.49,2021-04-07_15:15:33
0.32,0.46,0.66,0.92,1.22,1.49,2021-04-07_15:15:33
0.32,0.46,0.65,0.92,1.22,1.49,2021-04-07_15:15:33
0.32,0.46,0.65,0.92,1.22,1.49,2021-04-07_15:15:33
0.32,0.46,0.66,0.92,1.22,1.49,2021-04-07_15:15:33
0.32,0.46,0.65,0.92,1.22,1.49,2021-04-07_15:15:33
0.32,0.46,0.65,0.92,1.22,1.49,2021-04-07_15:15:33
0.32,0.46,0.65,0.92,1.22,1.49,2021-04-07_15:15:33
0.32,0.46,0.65,0.91,1.22,1.49,2021-04-07_15:15:33
0.32,0.46,0.65,0.92,1.22,1.49,2021-04-07_15:15:33
0.32,0.46,0.65,0.92,1.22,1.49,2021-04-07_15:15:33
0.32,0.46,0.65,0.92,1.22,1.49,2021-04-07_15:15:33
0.32,0.46,0.65,0.91,1.22,1.49,2021-04-07_15:15:34
0.32,0.46,0.65,0.92,1.22,1.49,2021-04-07_15:15:34
0.32,0.46,0.65,0.92,1.22,1.49,2021-04-07_15:15:34
0.32,0.46,0.65,0.92,1.22,1.49,2021-04-07_15:15:34
0.32,0.46,0.65,0.92,1.22,1.49,2021-04-07_15:15:34
0.32,0.46,0.65,0.92,1.22,1.49,2021-04-07_15:15:34
0.32,0.46,0.65,0.92,1.22,1.49,2021-04-07_15:15:34
0.32,0.46,0.65,0.92,1.22,1.49,2021-04-07_15:15:34
0.32,0.46,0.65,0.92,1.22,1.49,2021-04-07_15:15:34
0.32,0.46,0.65,0.92,1.22,1.49,2021-04-07_15:15:34
0.32,0.46,0.65,0.92,1.22,1.49,2021-04-07_15:15:34
0.32,0.46,0.65,0.92,1.22,1.49,2021-04-07_15:15:34
0.32,0.46,0.65,0.92,1.22,1.49,2021-04-07_15:15:34
0.32,0.46,0.65,0.92,1.22,1.49,2021-04-07_15:15:35
0.32,0.46,0.65,0.92,1.22,1.49,2021-04-07_15:15:35
0.32,0.46,0.65,0.92,1.22,1.49,2021-04-07_15:15:35
0.32,0.46,0.65,0.92,1.22,1.49,2021-04-07_15:15:35
0.32,0.46,0.65,0.92,1.22,1.49,2021-04-07_15:15:35
0.32,0.46,0.65,0.92,1.22,1.49,2021-04-07_15:15:35
0.32,0.46,0.65,0.92,1.23,1.49,2021-04-07_15:15:35
0.32,0.46,0.65,0.92,1.23,1.49,2021-04-07_15:15:35
0.32,0.46,0.65,0.92,1.23,1.49,2021-04-07_15:15:35
0.32,0.46,0.65,0.92,1.23,1.5,2021-04-07_15:15:35
0.32,0.46,0.65,0.92,1.23,1.5,2021-04-07_15:15:35
0.32,0.46,0.65,0.93,1.23,1.5,2021-04-07_15:15:35
0.32,0.46,0.65,0.93,1.23,1.5,2021-04-07_15:15:35
0.32,0.46,0.65,0.93,1.24,1.5,2021-04-07_15:15:36
0.32,0.46,0.65,0.93,1.23,1.5,2021-04-07_15:15:36
0.32,0.46,0.65,0.93,1.24,1.5,2021-04-07_15:15:36
0.32,0.46,0.65,0.94,1.24,1.51,2021-04-07_15:15:36
0.32,0.46,0.65,0.95,1.25,1.51,2021-04-07_15:15:36
0.32,0.46,0.65,0.95,1.25,1.52,2021-04-07_15:15:36
0.32,0.46,0.65,0.95,1.25,1.52,2021-04-07_15:15:36
0.32,0.46,0.65,0.96,1.26,1.53,2021-04-07_15:15:36
0.32,0.46,0.65,0.97,1.27,1.54,2021-04-07_15:15:36
0.32,0.46,0.65,0.98,1.28,1.54,2021-04-07_15:15:36
0.32,0.46,0.65,0.98,1.29,1.55,2021-04-07_15:15:36
0.32,0.46,0.65,0.99,1.29,1.56,2021-04-07_15:15:36
0.32,0.46,0.65,1.01,1.32,1.61,2021-04-07_15:15:36
0.32,0.46,0.65,1.05,1.38,1.66,2021-04-07_15:15:36
0.32,0.46,0.65,1.1,1.41,1.69,2021-04-07_15:15:37
0.32,0.46,0.65,1.11,1.41,1.68,2021-04-07_15:15:37
0.32,0.46,0.65,1.14,1.43,1.69,2021-04-07_15:15:37
0.32,0.46,0.65,1.19,1.48,1.74,2021-04-07_15:15:37
0.32,0.46,0.65,1.35,1.66,1.9,2021-04-07_15:15:37
0.32,0.46,0.65,1.41,1.73,2.0,2021-04-07_15:15:37
0.32,0.46,0.65,1.51,1.85,2.13,2021-04-07_15:15:37
0.32,0.46,0.65,1.61,1.98,2.33,2021-04-07_15:15:37
0.32,0.46,0.65,1.92,2.28,2.68,2021-04-07_15:15:37
0.32,0.46,0.65,2.46,2.74,3.04,2021-04-07_15:15:37
0.32,0.46,0.65,2.65,2.97,3.25,2021-04-07_15:15:37
0.32,0.46,0.65,2.95,3.29,3.55,2021-04-07_15:15:37
0.32,0.46,0.65,3.33,3.68,3.99,2021-04-07_15:15:37
0.32,0.46,0.65,3.86,4.43,4.82,2021-04-07_15:15:38
0.32,0.46,0.65,4.5,5.05,5.12,2021-04-07_15:15:38
0.32,0.46,0.65,5.12,5.12,5.12,2021-04-07_15:15:38
0.32,0.46,0.65,5.12,5.12,5.12,2021-04-07_15:15:38
0.32,0.46,0.65,5.12,5.12,5.12,2021-04-07_15:15:38
0.32,0.46,0.65,5.12,5.12,5.12,2021-04-07_15:15:38
0.32,0.46,0.65,5.12,5.12,5.12,2021-04-07_15:15:38
0.32,0.46,0.65,5.12,5.12,5.12,2021-04-07_15:15:38
0.32,0.46,0.65,5.12,5.12,5.12,2021-04-07_15:15:38
0.32,0.46,0.65,5.12,5.12,5.12,2021-04-07_15:15:38
0.32,0.46,0.65,5.12,5.12,5.12,2021-04-07_15:15:38
0.32,0.45,0.65,5.12,5.12,5.12,2021-04-07_15:15:38
0.32,0.46,0.65,5.12,5.12,5.12,2021-04-07_15:15:38
0.32,0.45,0.65,5.12,5.12,5.12,2021-04-07_15:15:39
0.32,0.45,0.65,5.12,5.12,5.12,2021-04-07_15:15:39
0.32,0.45,0.65,5.12,5.12,5.12,2021-04-07_15:15:39
0.32,0.45,0.65,5.12,5.12,5.12,2021-04-07_15:15:39
0.32,0.45,0.65,5.12,5.12,5.12,2021-04-07_15:15:39
0.32,0.45,0.65,5.12,5.12,5.12,2021-04-07_15:15:39
0.32,0.45,0.65,5.12,5.12,5.12,2021-04-07_15:15:39
0.32,0.45,0.65,5.12,5.12,5.12,2021-04-07_15:15:39
0.32,0.45,0.65,5.12,5.12,5.12,2021-04-07_15:15:39
0.32,0.45,0.65,5.12,5.12,5.12,2021-04-07_15:15:39
0.32,0.45,0.65,5.12,5.12,5.12,2021-04-07_15:15:39
0.32,0.45,0.65,5.12,5.12,5.12,2021-04-07_15:15:39
0.32,0.45,0.65,5.12,5.12,5.12,2021-04-07_15:15:39
0.32,0.45,0.65,5.12,5.12,5.12,2021-04-07_15:15:39
0.32,0.45,0.65,5.12,5.12,5.12,2021-04-07_15:15:40
0.32,0.45,0.65,5.12,5.12,5.12,2021-04-07_15:15:40
0.32,0.45,0.65,5.12,5.12,5.12,2021-04-07_15:15:40
0.32,0.45,0.65,5.12,5.12,5.12,2021-04-07_15:15:40
0.32,0.45,0.65,5.12,5.12,5.12,2021-04-07_15:15:40
0.32,0.45,0.65,5.12,5.12,5.12,2021-04-07_15:15:40
0.32,0.45,0.65,5.12,5.12,5.12,2021-04-07_15:15:40
0.32,0.45,0.65,5.12,5.12,5.12,2021-04-07_15:15:40
0.32,0.45,0.65,5.12,5.12,5.12,2021-04-07_15:15:40
0.32,0.45,0.65,5.12,5.12,5.12,2021-04-07_15:15:40
0.32,0.45,0.65,3.58,3.79,4.07,2021-04-07_15:15:40
0.32,0.45,0.65,2.92,3.22,3.45,2021-04-07_15:15:40
0.32,0.45,0.65,2.8,3.06,3.28,2021-04-07_15:15:40
0.32,0.45,0.65,2.71,2.97,3.17,2021-04-07_15:15:41
0.32,0.45,0.65,2.14,2.26,2.25,2021-04-07_15:15:41
0.32,0.45,0.65,1.68,1.93,2.18,2021-04-07_15:15:41
0.32,0.45,0.65,1.59,1.9,2.16,2021-04-07_15:15:41
0.32,0.45,0.65,1.53,1.83,2.06,2021-04-07_15:15:41
0.32,0.45,0.65,1.35,1.62,1.86,2021-04-07_15:15:41
0.32,0.45,0.65,1.21,1.48,1.71,2021-04-07_15:15:41
0.32,0.45,0.65,1.12,1.4,1.66,2021-04-07_15:15:41
0.32,0.45,0.65,1.11,1.41,1.66,2021-04-07_15:15:41
0.32,0.45,0.65,1.1,1.4,1.65,2021-04-07_15:15:41
0.32,0.45,0.65,1.01,1.31,1.57,2021-04-07_15:15:41
0.32,0.45,0.65,0.99,1.3,1.56,2021-04-07_15:15:41
0.32,0.45,0.65,0.99,1.3,1.56,2021-04-07_15:15:41
0.32,0.45,0.65,0.98,1.3,1.56,2021-04-07_15:15:41
0.32,0.45,0.65,0.98,1.29,1.55,2021-04-07_15:15:42
0.32,0.45,0.65,0.97,1.28,1.53,2021-04-07_15:15:42
0.32,0.45,0.65,0.96,1.27,1.53,2021-04-07_15:15:42
0.32,0.45,0.65,0.96,1.27,1.53,2021-04-07_15:15:42
0.32,0.45,0.65,0.96,1.27,1.53,2021-04-07_15:15:42
0.32,0.45,0.65,0.95,1.27,1.53,2021-04-07_15:15:42
0.32,0.45,0.65,0.95,1.26,1.52,2021-04-07_15:15:42
0.32,0.45,0.65,0.95,1.26,1.52,2021-04-07_15:15:42
0.32,0.45,0.65,0.95,1.26,1.52,2021-04-07_15:15:42
0.32,0.45,0.65,0.95,1.26,1.52,2021-04-07_15:15:42
0.32,0.45,0.65,0.94,1.26,1.52,2021-04-07_15:15:42
0.32,0.45,0.65,0.94,1.26,1.52,2021-04-07_15:15:42
0.32,0.45,0.65,0.94,1.25,1.51,2021-04-07_15:15:42
0.32,0.45,0.65,0.94,1.25,1.51,2021-04-07_15:15:43
0.32,0.45,0.65,0.94,1.25,1.51,2021-04-07_15:15:43
0.32,0.45,0.65,0.94,1.25,1.51,2021-04-07_15:15:43
0.32,0.45,0.65,0.94,1.25,1.51,2021-04-07_15:15:43
0.32,0.45,0.65,0.94,1.25,1.51,2021-04-07_15:15:43
0.32,0.45,0.65,0.94,1.25,1.51,2021-04-07_15:15:43
0.32,0.45,0.65,0.94,1.25,1.51,2021-04-07_15:15:43
0.32,0.45,0.65,0.94,1.25,1.51,2021-04-07_15:15:43
0.32,0.45,0.65,0.94,1.25,1.51,2021-04-07_15:15:43
0.32,0.45,0.65,0.93,1.25,1.51,2021-04-07_15:15:43
0.32,0.45,0.65,0.93,1.25,1.51,2021-04-07_15:15:43
0.32,0.45,0.65,0.93,1.25,1.51,2021-04-07_15:15:43
0.32,0.45,0.65,0.93,1.25,1.51,2021-04-07_15:15:43
0.32,0.45,0.65,0.93,1.25,1.51,2021-04-07_15:15:44
0.32,0.45,0.65,0.93,1.25,1.51,2021-04-07_15:15:44
0.32,0.45,0.65,0.93,1.25,1.51,2021-04-07_15:15:44
0.32,0.45,0.65,0.93,1.25,1.51,2021-04-07_15:15:44
0.32,0.45,0.65,0.93,1.25,1.51,2021-04-07_15:15:44
0.32,0.46,0.65,0.93,1.25,1.51,2021-04-07_15:15:44
0.32,0.45,0.65,0.93,1.25,1.51,2021-04-07_15:15:44
0.32,0.45,0.65,0.93,1.25,1.51,2021-04-07_15:15:44
0.32,0.45,0.65,0.93,1.25,1.51,2021-04-07_15:15:44
0.32,0.46,0.65,0.93,1.25,1.51,2021-04-07_15:15:44
0.32,0.46,0.65,0.93,1.25,1.51,2021-04-07_15:15:44
0.32,0.46,0.65,0.93,1.25,1.51,2021-04-07_15:15:44
0.32,0.46,0.65,0.93,1.25,1.51,2021-04-07_15:15:44
0.32,0.46,0.65,0.93,1.25,1.51,2021-04-07_15:15:44
0.32,0.46,0.66,0.93,1.25,1.51,2021-04-07_15:15:45
0.32,0.46,0.66,0.93,1.25,1.51,2021-04-07_15:15:45
0.32,0.46,0.66,0.93,1.25,1.51,2021-04-07_15:15:45
0.32,0.46,0.66,0.93,1.25,1.51,2021-04-07_15:15:45
0.32,0.46,0.66,0.93,1.25,1.51,2021-04-07_15:15:45
0.32,0.46,0.66,0.93,1.25,1.51,2021-04-07_15:15:45
0.32,0.46,0.66,0.93,1.25,1.51,2021-04-07_15:15:45
0.32,0.46,0.66,0.93,1.25,1.51,2021-04-07_15:15:45
0.32,0.46,0.66,0.93,1.25,1.51,2021-04-07_15:15:45
0.32,0.46,0.66,0.93,1.25,1.51,2021-04-07_15:15:45
0.32,0.46,0.66,0.93,1.25,1.51,2021-04-07_15:15:45
0.32,0.46,0.66,0.93,1.25,1.51,2021-04-07_15:15:45
0.32,0.46,0.66,0.93,1.25,1.51,2021-04-07_15:15:45
0.32,0.46,0.66,0.93,1.25,1.51,2021-04-07_15:15:46
0.32,0.46,0.66,0.93,1.25,1.51,2021-04-07_15:15:46
0.32,0.46,0.66,0.93,1.25,1.51,2021-04-07_15:15:46
0.32,0.46,0.66,0.93,1.25,1.51,2021-04-07_15:15:46
0.32,0.46,0.66,0.93,1.25,1.51,2021-04-07_15:15:46
0.32,0.46,0.66,0.93,1.25,1.51,2021-04-07_15:15:46
0.32,0.46,0.66,0.93,1.25,1.51,2021-04-07_15:15:46
0.32,0.46,0.66,0.93,1.25,1.51,2021-04-07_15:15:46
0.32,0.46,0.66,0.93,1.25,1.51,2021-04-07_15:15:46
0.32,0.46,0.66,0.93,1.25,1.51,2021-04-07_15:15:46
0.32,0.46,0.66,0.93,1.25,1.51,2021-04-07_15:15:46
0.32,0.46,0.66,0.93,1.25,1.51,2021-04-07_15:15:46
0.32,0.46,0.66,0.93,1.25,1.51,2021-04-07_15:15:46
0.32,0.46,0.66,0.93,1.25,1.51,2021-04-07_15:15:47
0.32,0.46,0.66,0.93,1.25,1.51,2021-04-07_15:15:47
0.32,0.46,0.66,0.93,1.25,1.51,2021-04-07_15:15:47
0.32,0.46,0.66,0.93,1.25,1.51,2021-04-07_15:15:47
0.32,0.46,0.66,0.93,1.25,1.51,2021-04-07_15:15:47
0.32,0.46,0.66,0.93,1.25,1.51,2021-04-07_15:15:47
0.32,0.46,0.66,0.93,1.25,1.51,2021-04-07_15:15:47
0.32,0.46,0.66,0.93,1.25,1.51,2021-04-07_15:15:47
0.32,0.46,0.66,0.93,1.25,1.51,2021-04-07_15:15:47
0.32,0.46,0.66,0.93,1.25,1.51,2021-04-07_15:15:47
0.32,0.46,0.66,0.93,1.25,1.51,2021-04-07_15:15:47
0.32,0.46,0.66,0.93,1.25,1.51,2021-04-07_15:15:47
0.32,0.46,0.66,0.93,1.25,1.51,2021-04-07_15:15:47
0.32,0.46,0.66,0.93,1.25,1.51,2021-04-07_15:15:47
0.32,0.46,0.66,0.93,1.25,1.51,2021-04-07_15:15:48
0.32,0.46,0.66,0.93,1.24,1.51,2021-04-07_15:15:48
0.32,0.46,0.66,0.93,1.24,1.51,2021-04-07_15:15:48
0.32,0.46,0.66,0.93,1.25,1.51,2021-04-07_15:15:48
0.32,0.46,0.66,0.93,1.24,1.51,2021-04-07_15:15:48
0.32,0.46,0.66,0.93,1.24,1.51,2021-04-07_15:15:48
0.32,0.46,0.66,0.93,1.24,1.51,2021-04-07_15:15:48
0.32,0.46,0.66,0.93,1.24,1.51,2021-04-07_15:15:48
0.32,0.46,0.66,0.93,1.24,1.51,2021-04-07_15:15:48
0.32,0.46,0.66,0.93,1.24,1.51,2021-04-07_15:15:48
0.32,0.46,0.66,0.93,1.24,1.51,2021-04-07_15:15:48
0.32,0.46,0.66,0.93,1.24,1.51,2021-04-07_15:15:48
0.32,0.46,0.66,0.93,1.24,1.51,2021-04-07_15:15:48
0.32,0.46,0.66,0.93,1.24,1.51,2021-04-07_15:15:49
0.32,0.46,0.66,0.93,1.24,1.51,2021-04-07_15:15:49
0.32,0.46,0.66,0.93,1.24,1.51,2021-04-07_15:15:49
0.32,0.46,0.66,0.93,1.24,1.51,2021-04-07_15:15:49
0.32,0.46,0.66,0.93,1.24,1.51,2021-04-07_15:15:49
0.32,0.46,0.66,0.93,1.24,1.51,2021-04-07_15:15:49
0.32,0.46,0.66,0.93,1.24,1.51,2021-04-07_15:15:49
0.32,0.46,0.66,0.93,1.24,1.51,2021-04-07_15:15:49
0.32,0.46,0.66,0.93,1.24,1.51,2021-04-07_15:15:49
0.32,0.46,0.66,0.93,1.24,1.51,2021-04-07_15:15:49
0.32,0.46,0.66,0.93,1.24,1.51,2021-04-07_15:15:49
0.32,0.46,0.66,0.92,1.24,1.51,2021-04-07_15:15:49
0.32,0.46,0.66,0.92,1.24,1.51,2021-04-07_15:15:49
0.32,0.46,0.66,0.92,1.24,1.51,2021-04-07_15:15:49
0.32,0.46,0.66,0.93,1.24,1.51,2021-04-07_15:15:50
0.32,0.46,0.66,0.92,1.24,1.51,2021-04-07_15:15:50
0.32,0.46,0.66,0.92,1.24,1.51,2021-04-07_15:15:50
0.32,0.46,0.66,0.92,1.24,1.5,2021-04-07_15:15:50
0.32,0.46,0.66,0.92,1.24,1.51,2021-04-07_15:15:50
0.32,0.46,0.66,0.92,1.24,1.51,2021-04-07_15:15:50
0.32,0.46,0.66,0.92,1.24,1.51,2021-04-07_15:15:50
0.32,0.46,0.66,0.92,1.24,1.5,2021-04-07_15:15:50
0.32,0.46,0.66,0.92,1.24,1.51,2021-04-07_15:15:50
0.32,0.46,0.66,0.92,1.24,1.5,2021-04-07_15:15:50
0.32,0.46,0.66,0.92,1.24,1.5,2021-04-07_15:15:50
0.32,0.46,0.66,0.92,1.24,1.5,2021-04-07_15:15:50
0.32,0.46,0.66,0.92,1.24,1.5,2021-04-07_15:15:50
0.32,0.46,0.66,0.92,1.24,1.5,2021-04-07_15:15:51
0.32,0.46,0.66,0.92,1.24,1.5,2021-04-07_15:15:51
0.32,0.46,0.66,0.92,1.24,1.5,2021-04-07_15:15:51
0.32,0.46,0.66,0.92,1.24,1.5,2021-04-07_15:15:51
0.32,0.46,0.66,0.92,1.24,1.5,2021-04-07_15:15:51
0.32,0.46,0.66,0.92,1.24,1.5,2021-04-07_15:15:51
0.32,0.46,0.66,0.92,1.24,1.5,2021-04-07_15:15:51
0.32,0.46,0.66,0.92,1.24,1.5,2021-04-07_15:15:51
0.32,0.46,0.66,0.92,1.24,1.5,2021-04-07_15:15:51
0.32,0.46,0.66,0.92,1.24,1.5,2021-04-07_15:15:51
0.32,0.46,0.66,0.92,1.24,1.5,2021-04-07_15:15:51
0.32,0.46,0.66,0.92,1.24,1.5,2021-04-07_15:15:51
0.32,0.46,0.66,0.92,1.24,1.5,2021-04-07_15:15:51
0.32,0.46,0.66,0.92,1.24,1.5,2021-04-07_15:15:52
0.32,0.46,0.66,0.92,1.24,1.5,2021-04-07_15:15:52
0.32,0.46,0.66,0.92,1.24,1.5,2021-04-07_15:15:52
0.32,0.46,0.66,0.92,1.24,1.5,2021-04-07_15:15:52
0.32,0.46,0.66,0.92,1.24,1.5,2021-04-07_15:15:52
0.32,0.46,0.66,0.92,1.24,1.5,2021-04-07_15:15:52
0.32,0.46,0.66,0.92,1.24,1.5,2021-04-07_15:15:52
0.32,0.46,0.66,0.92,1.24,1.5,2021-04-07_15:15:52
0.32,0.46,0.66,0.92,1.24,1.5,2021-04-07_15:15:52
0.32,0.46,0.66,0.92,1.24,1.5,2021-04-07_15:15:52
0.32,0.46,0.66,0.92,1.24,1.5,2021-04-07_15:15:52
0.32,0.46,0.66,0.92,1.24,1.5,2021-04-07_15:15:52
0.32,0.46,0.66,0.92,1.24,1.5,2021-04-07_15:15:52
0.32,0.46,0.66,0.92,1.24,1.5,2021-04-07_15:15:52
0.32,0.46,0.66,0.92,1.24,1.5,2021-04-07_15:15:53
0.32,0.46,0.66,0.92,1.24,1.5,2021-04-07_15:15:53
0.32,0.46,0.66,0.92,1.24,1.5,2021-04-07_15:15:53
0.32,0.46,0.66,0.92,1.24,1.5,2021-04-07_15:15:53
0.32,0.46,0.66,0.92,1.24,1.5,2021-04-07_15:15:53
0.32,0.46,0.66,0.92,1.24,1.5,2021-04-07_15:15:53
0.32,0.46,0.66,0.92,1.24,1.5,2021-04-07_15:15:53
0.32,0.46,0.66,0.92,1.24,1.5,2021-04-07_15:15:53
0.32,0.46,0.66,0.92,1.24,1.5,2021-04-07_15:15:53
0.32,0.46,0.66,0.92,1.24,1.5,2021-04-07_15:15:53
0.32,0.46,0.66,0.92,1.24,1.5,2021-04-07_15:15:53
0.32,0.46,0.66,0.92,1.24,1.5,2021-04-07_15:15:53
0.32,0.46,0.66,0.92,1.24,1.5,2021-04-07_15:15:53
0.32,0.46,0.66,0.92,1.24,1.5,2021-04-07_15:15:54
0.32,0.46,0.66,0.92,1.24,1.5,2021-04-07_15:15:54
0.32,0.46,0.66,0.92,1.24,1.5,2021-04-07_15:15:54
0.32,0.46,0.66,0.92,1.24,1.5,2021-04-07_15:15:54
0.32,0.46,0.66,0.92,1.24,1.5,2021-04-07_15:15:54
0.32,0.46,0.66,0.92,1.24,1.5,2021-04-07_15:15:54
0.32,0.46,0.66,0.92,1.24,1.5,2021-04-07_15:15:54
0.32,0.46,0.66,0.92,1.24,1.5,2021-04-07_15:15:54
0.32,0.46,0.66,0.92,1.24,1.5,2021-04-07_15:15:54
0.32,0.46,0.66,0.92,1.24,1.5,2021-04-07_15:15:54
0.32,0.46,0.66,0.92,1.24,1.5,2021-04-07_15:15:54
0.32,0.46,0.66,0.92,1.24,1.5,2021-04-07_15:15:54
0.32,0.46,0.66,0.92,1.24,1.5,2021-04-07_15:15:54
0.32,0.46,0.66,0.92,1.24,1.5,2021-04-07_15:15:55
0.32,0.46,0.66,0.92,1.24,1.5,2021-04-07_15:15:55
0.32,0.46,0.66,0.92,1.24,1.5,2021-04-07_15:15:55
0.32,0.46,0.66,0.92,1.24,1.5,2021-04-07_15:15:55
0.32,0.46,0.66,0.92,1.24,1.5,2021-04-07_15:15:55
0.32,0.46,0.66,0.92,1.24,1.5,2021-04-07_15:15:55
0.32,0.46,0.66,0.92,1.24,1.5,2021-04-07_15:15:55
0.32,0.46,0.66,0.92,1.24,1.5,2021-04-07_15:15:55
0.32,0.46,0.66,0.92,1.24,1.5,2021-04-07_15:15:55
0.32,0.46,0.66,0.92,1.24,1.5,2021-04-07_15:15:55
0.32,0.46,0.66,0.92,1.24,1.5,2021-04-07_15:15:55
0.32,0.46,0.66,0.92,1.24,1.5,2021-04-07_15:15:55
0.32,0.46,0.66,0.92,1.24,1.5,2021-04-07_15:15:55
0.32,0.46,0.66,0.92,1.24,1.5,2021-04-07_15:15:55
0.32,0.46,0.66,0.92,1.24,1.5,2021-04-07_15:15:56
0.32,0.46,0.66,0.92,1.24,1.5,2021-04-07_15:15:56
0.32,0.46,0.66,0.92,1.24,1.5,2021-04-07_15:15:56
0.32,0.46,0.66,0.92,1.24,1.5,2021-04-07_15:15:56
0.32,0.46,0.66,0.92,1.24,1.5,2021-04-07_15:15:56
0.32,0.46,0.66,0.92,1.24,1.5,2021-04-07_15:15:56
0.32,0.46,0.66,0.92,1.24,1.5,2021-04-07_15:15:56
0.32,0.46,0.66,0.92,1.24,1.5,2021-04-07_15:15:56
0.32,0.46,0.66,0.92,1.24,1.5,2021-04-07_15:15:56
0.32,0.46,0.66,0.92,1.24,1.5,2021-04-07_15:15:56
0.32,0.46,0.66,0.92,1.24,1.5,2021-04-07_15:15:56
0.32,0.46,0.66,0.92,1.24,1.5,2021-04-07_15:15:56
0.32,0.46,0.66,0.92,1.24,1.5,2021-04-07_15:15:56
0.32,0.46,0.66,0.92,1.24,1.5,2021-04-07_15:15:57
0.32,0.46,0.66,0.92,1.24,1.5,2021-04-07_15:15:57
0.32,0.46,0.66,0.92,1.25,1.51,2021-04-07_15:15:57
0.32,0.46,0.66,0.92,1.25,1.51,2021-04-07_15:15:57
0.32,0.46,0.66,0.92,1.25,1.51,2021-04-07_15:15:57
0.32,0.46,0.66,0.92,1.25,1.51,2021-04-07_15:15:57
0.32,0.46,0.66,0.92,1.25,1.51,2021-04-07_15:15:57
0.32,0.46,0.66,0.92,1.25,1.51,2021-04-07_15:15:57
0.32,0.46,0.66,0.92,1.25,1.51,2021-04-07_15:15:57
0.32,0.46,0.66,0.92,1.25,1.51,2021-04-07_15:15:57
0.32,0.46,0.66,0.92,1.26,1.51,2021-04-07_15:15:57
0.32,0.46,0.66,0.92,1.26,1.51,2021-04-07_15:15:57
0.32,0.46,0.66,0.92,1.26,1.52,2021-04-07_15:15:57
0.32,0.46,0.66,0.92,1.26,1.52,2021-04-07_15:15:57
0.32,0.46,0.66,0.92,1.27,1.53,2021-04-07_15:15:58
0.32,0.46,0.66,0.92,1.27,1.53,2021-04-07_15:15:58
0.32,0.46,0.66,0.92,1.28,1.53,2021-04-07_15:15:58
0.32,0.46,0.66,0.92,1.29,1.54,2021-04-07_15:15:58
0.32,0.46,0.66,0.92,1.3,1.57,2021-04-07_15:15:58
0.32,0.46,0.66,0.92,1.33,1.59,2021-04-07_15:15:58
0.32,0.46,0.66,0.92,1.33,1.58,2021-04-07_15:15:58
0.32,0.46,0.66,0.92,1.34,1.59,2021-04-07_15:15:58
0.32,0.46,0.66,0.92,1.36,1.61,2021-04-07_15:15:58
0.32,0.46,0.66,0.92,1.48,1.83,2021-04-07_15:15:58
0.32,0.46,0.66,0.92,1.64,1.91,2021-04-07_15:15:58
0.32,0.46,0.66,0.92,1.88,2.12,2021-04-07_15:15:58
0.32,0.46,0.66,0.92,1.92,2.23,2021-04-07_15:15:58
0.32,0.46,0.66,0.92,2.14,2.47,2021-04-07_15:15:59
0.32,0.46,0.66,0.92,2.8,3.1,2021-04-07_15:15:59
0.32,0.46,0.66,0.92,3.28,3.63,2021-04-07_15:15:59
0.32,0.46,0.66,0.92,3.61,3.86,2021-04-07_15:15:59
0.32,0.46,0.66,0.92,3.87,4.2,2021-04-07_15:15:59
0.32,0.46,0.66,0.92,4.34,4.81,2021-04-07_15:15:59
0.32,0.46,0.66,0.92,5.12,5.12,2021-04-07_15:15:59
0.32,0.46,0.66,0.92,5.12,5.12,2021-04-07_15:15:59
0.32,0.46,0.66,0.92,5.12,5.12,2021-04-07_15:15:59
0.32,0.46,0.66,0.92,5.12,5.12,2021-04-07_15:15:59
0.32,0.46,0.66,0.92,5.12,5.12,2021-04-07_15:15:59
0.32,0.46,0.66,0.92,5.12,5.12,2021-04-07_15:15:59
0.32,0.46,0.66,0.92,5.12,5.12,2021-04-07_15:15:59
0.32,0.46,0.66,0.91,5.12,5.12,2021-04-07_15:16:00
0.33,0.46,0.66,0.91,5.12,5.12,2021-04-07_15:16:00
0.33,0.46,0.66,0.91,5.12,5.12,2021-04-07_15:16:00
0.33,0.46,0.66,0.91,5.12,5.12,2021-04-07_15:16:00
0.33,0.46,0.66,0.91,5.12,5.12,2021-04-07_15:16:00
0.33,0.46,0.66,0.91,5.12,5.12,2021-04-07_15:16:00
0.33,0.46,0.66,0.91,5.12,5.12,2021-04-07_15:16:00
0.33,0.46,0.66,0.91,5.12,5.12,2021-04-07_15:16:00
0.33,0.46,0.66,0.91,5.12,5.12,2021-04-07_15:16:00
0.33,0.46,0.66,0.91,5.12,5.12,2021-04-07_15:16:00
0.33,0.46,0.66,0.91,5.12,5.12,2021-04-07_15:16:00
0.33,0.46,0.66,0.91,5.12,5.12,2021-04-07_15:16:00
0.33,0.46,0.66,0.91,5.12,5.12,2021-04-07_15:16:00
0.32,0.46,0.66,0.91,5.12,5.12,2021-04-07_15:16:00
0.32,0.46,0.65,0.91,5.12,5.12,2021-04-07_15:16:01
0.33,0.46,0.66,0.91,5.12,5.12,2021-04-07_15:16:01
0.32,0.46,0.65,0.91,5.12,5.12,2021-04-07_15:16:01
0.32,0.46,0.65,0.91,5.12,5.12,2021-04-07_15:16:01
0.32,0.46,0.65,0.91,5.12,5.12,2021-04-07_15:16:01
0.32,0.46,0.65,0.91,5.12,5.12,2021-04-07_15:16:01
0.32,0.46,0.65,0.91,5.12,5.12,2021-04-07_15:16:01
0.32,0.46,0.65,0.91,5.12,5.12,2021-04-07_15:16:01
0.32,0.46,0.65,0.91,5.12,5.12,2021-04-07_15:16:01
0.32,0.46,0.65,0.91,5.12,5.12,2021-04-07_15:16:01
0.32,0.46,0.65,0.91,5.12,5.12,2021-04-07_15:16:01
0.32,0.46,0.65,0.91,5.12,5.12,2021-04-07_15:16:01
0.32,0.46,0.65,0.91,5.12,5.12,2021-04-07_15:16:01
0.32,0.46,0.65,0.91,5.12,5.12,2021-04-07_15:16:02
0.32,0.46,0.65,0.91,5.12,5.12,2021-04-07_15:16:02
0.32,0.46,0.65,0.91,5.12,5.12,2021-04-07_15:16:02
0.32,0.46,0.65,0.91,5.12,5.12,2021-04-07_15:16:02
0.32,0.46,0.65,0.91,5.12,5.12,2021-04-07_15:16:02
0.32,0.46,0.65,0.91,5.12,5.12,2021-04-07_15:16:02
0.32,0.46,0.65,0.91,5.12,5.12,2021-04-07_15:16:02
0.32,0.46,0.65,0.91,5.12,5.12,2021-04-07_15:16:02
0.32,0.46,0.65,0.91,5.12,5.12,2021-04-07_15:16:02
0.32,0.46,0.65,0.91,5.12,5.12,2021-04-07_15:16:02
0.32,0.46,0.65,0.91,5.12,5.12,2021-04-07_15:16:02
0.32,0.46,0.65,0.91,5.12,5.12,2021-04-07_15:16:02
0.32,0.46,0.65,0.91,5.12,5.12,2021-04-07_15:16:02
0.32,0.46,0.65,0.91,5.12,5.12,2021-04-07_15:16:02
0.32,0.46,0.65,0.91,5.12,5.12,2021-04-07_15:16:03
0.33,0.46,0.65,0.91,5.12,5.12,2021-04-07_15:16:03
0.32,0.46,0.65,0.91,5.12,5.12,2021-04-07_15:16:03
0.32,0.46,0.65,0.91,5.12,5.12,2021-04-07_15:16:03
0.33,0.46,0.65,0.91,5.12,5.12,2021-04-07_15:16:03
0.33,0.46,0.65,0.91,5.12,5.12,2021-04-07_15:16:03
0.32,0.46,0.65,0.91,5.12,5.12,2021-04-07_15:16:03
0.33,0.46,0.65,0.91,5.12,5.12,2021-04-07_15:16:03
0.33,0.46,0.65,0.91,5.12,5.12,2021-04-07_15:16:03
0.33,0.46,0.65,0.91,5.12,5.12,2021-04-07_15:16:03
0.33,0.46,0.65,0.91,5.12,5.12,2021-04-07_15:16:03
0.33,0.46,0.65,0.91,5.12,5.12,2021-04-07_15:16:03
0.32,0.46,0.65,0.91,3.5,3.93,2021-04-07_15:16:03
0.32,0.46,0.65,0.91,3.3,3.5,2021-04-07_15:16:04
0.32,0.46,0.65,0.91,2.99,3.21,2021-04-07_15:16:04
0.32,0.46,0.65,0.91,2.7,2.89,2021-04-07_15:16:04
0.32,0.46,0.65,0.91,2.04,1.85,2021-04-07_15:16:04
0.32,0.46,0.65,0.91,1.35,1.6,2021-04-07_15:16:04
0.32,0.46,0.65,0.91,1.33,1.57,2021-04-07_15:16:04
0.32,0.46,0.65,0.91,1.31,1.57,2021-04-07_15:16:04
0.32,0.46,0.65,0.91,1.3,1.56,2021-04-07_15:16:04
0.32,0.46,0.65,0.91,1.27,1.52,2021-04-07_15:16:04
0.32,0.46,0.65,0.91,1.26,1.52,2021-04-07_15:16:04
0.32,0.46,0.65,0.91,1.26,1.52,2021-04-07_15:16:04
0.32,0.46,0.65,0.91,1.26,1.51,2021-04-07_15:16:04
0.32,0.46,0.65,0.91,1.26,1.52,2021-04-07_15:16:04
0.32,0.46,0.65,0.91,1.25,1.51,2021-04-07_15:16:05
0.32,0.46,0.65,0.91,1.25,1.51,2021-04-07_15:16:05
0.32,0.46,0.65,0.91,1.25,1.51,2021-04-07_15:16:05
0.32,0.46,0.65,0.91,1.25,1.51,2021-04-07_15:16:05
0.32,0.46,0.65,0.91,1.24,1.51,2021-04-07_15:16:05
0.32,0.46,0.65,0.91,1.24,1.5,2021-04-07_15:16:05
0.32,0.46,0.65,0.91,1.24,1.5,2021-04-07_15:16:05
0.32,0.46,0.65,0.91,1.24,1.5,2021-04-07_15:16:05
0.32,0.46,0.65,0.91,1.24,1.5,2021-04-07_15:16:05
0.32,0.46,0.65,0.91,1.24,1.5,2021-04-07_15:16:05
0.32,0.46,0.65,0.91,1.24,1.5,2021-04-07_15:16:05
0.32,0.46,0.65,0.91,1.24,1.5,2021-04-07_15:16:05
0.32,0.46,0.65,0.91,1.24,1.5,2021-04-07_15:16:05
0.32,0.46,0.65,0.91,1.24,1.5,2021-04-07_15:16:05
0.32,0.46,0.65,0.91,1.24,1.5,2021-04-07_15:16:06
0.32,0.46,0.65,0.91,1.23,1.5,2021-04-07_15:16:06
0.32,0.46,0.65,0.91,1.23,1.5,2021-04-07_15:16:06
0.32,0.46,0.65,0.91,1.23,1.5,2021-04-07_15:16:06
0.32,0.46,0.65,0.91,1.23,1.5,2021-04-07_15:16:06
0.32,0.46,0.65,0.91,1.23,1.5,2021-04-07_15:16:06
0.32,0.46,0.65,0.91,1.23,1.5,2021-04-07_15:16:06
0.32,0.46,0.65,0.91,1.23,1.5,2021-04-07_15:16:06
0.32,0.46,0.65,0.91,1.23,1.5,2021-04-07_15:16:06
0.32,0.46,0.65,0.91,1.23,1.5,2021-04-07_15:16:06
0.32,0.46,0.65,0.91,1.23,1.5,2021-04-07_15:16:06
0.32,0.46,0.65,0.91,1.23,1.5,2021-04-07_15:16:06
0.32,0.46,0.65,0.92,1.23,1.5,2021-04-07_15:16:06
0.32,0.46,0.65,0.91,1.23,1.5,2021-04-07_15:16:07
0.32,0.46,0.65,0.91,1.23,1.5,2021-04-07_15:16:07
0.32,0.46,0.65,0.91,1.23,1.5,2021-04-07_15:16:07
0.32,0.46,0.65,0.91,1.23,1.5,2021-04-07_15:16:07
0.32,0.46,0.65,0.91,1.23,1.5,2021-04-07_15:16:07
0.32,0.46,0.65,0.92,1.23,1.5,2021-04-07_15:16:07
0.32,0.46,0.65,0.91,1.23,1.5,2021-04-07_15:16:07
0.32,0.46,0.65,0.92,1.23,1.5,2021-04-07_15:16:07
0.32,0.46,0.65,0.92,1.23,1.5,2021-04-07_15:16:07
0.32,0.46,0.65,0.92,1.23,1.5,2021-04-07_15:16:07
0.32,0.46,0.65,0.92,1.23,1.5,2021-04-07_15:16:07
0.32,0.46,0.65,0.92,1.23,1.5,2021-04-07_15:16:07
0.32,0.46,0.65,0.92,1.23,1.5,2021-04-07_15:16:07
0.32,0.46,0.65,0.92,1.23,1.5,2021-04-07_15:16:08
0.32,0.46,0.65,0.92,1.23,1.5,2021-04-07_15:16:08
0.32,0.46,0.65,0.92,1.23,1.5,2021-04-07_15:16:08
0.32,0.46,0.65,0.92,1.23,1.5,2021-04-07_15:16:08
0.32,0.46,0.65,0.92,1.23,1.5,2021-04-07_15:16:08
0.32,0.46,0.65,0.92,1.23,1.5,2021-04-07_15:16:08
0.32,0.46,0.65,0.92,1.23,1.5,2021-04-07_15:16:08
0.32,0.46,0.65,0.92,1.23,1.5,2021-04-07_15:16:08
0.32,0.46,0.65,0.92,1.23,1.5,2021-04-07_15:16:08
0.32,0.46,0.65,0.92,1.23,1.5,2021-04-07_15:16:08
0.32,0.46,0.65,0.92,1.23,1.5,2021-04-07_15:16:08
0.32,0.46,0.65,0.92,1.23,1.5,2021-04-07_15:16:08
0.32,0.46,0.65,0.92,1.23,1.5,2021-04-07_15:16:08
0.32,0.46,0.65,0.92,1.23,1.5,2021-04-07_15:16:08
0.32,0.46,0.65,0.92,1.23,1.5,2021-04-07_15:16:09
0.32,0.46,0.65,0.92,1.23,1.5,2021-04-07_15:16:09
0.32,0.46,0.65,0.92,1.23,1.5,2021-04-07_15:16:09
0.32,0.46,0.65,0.92,1.23,1.5,2021-04-07_15:16:09
0.32,0.46,0.65,0.92,1.23,1.5,2021-04-07_15:16:09
0.32,0.46,0.65,0.92,1.23,1.5,2021-04-07_15:16:09
0.32,0.46,0.65,0.92,1.23,1.5,2021-04-07_15:16:09
0.32,0.46,0.65,0.92,1.23,1.5,2021-04-07_15:16:09
0.32,0.46,0.65,0.92,1.23,1.5,2021-04-07_15:16:09
0.32,0.46,0.65,0.92,1.23,1.5,2021-04-07_15:16:09
0.32,0.46,0.65,0.92,1.23,1.5,2021-04-07_15:16:09
0.32,0.46,0.65,0.92,1.23,1.5,2021-04-07_15:16:09
0.32,0.46,0.65,0.92,1.23,1.5,2021-04-07_15:16:09
0.32,0.46,0.65,0.92,1.23,1.5,2021-04-07_15:16:10
0.32,0.46,0.65,0.92,1.23,1.5,2021-04-07_15:16:10
0.32,0.46,0.65,0.92,1.23,1.5,2021-04-07_15:16:10
0.32,0.46,0.65,0.92,1.23,1.5,2021-04-07_15:16:10
0.32,0.46,0.65,0.92,1.23,1.5,2021-04-07_15:16:10
0.32,0.46,0.65,0.92,1.23,1.5,2021-04-07_15:16:10
0.32,0.46,0.65,0.92,1.23,1.5,2021-04-07_15:16:10
0.32,0.46,0.65,0.92,1.23,1.5,2021-04-07_15:16:10
0.32,0.46,0.65,0.92,1.23,1.5,2021-04-07_15:16:10
0.32,0.46,0.65,0.92,1.23,1.5,2021-04-07_15:16:10
0.32,0.46,0.65,0.92,1.23,1.5,2021-04-07_15:16:10
0.32,0.46,0.65,0.92,1.23,1.5,2021-04-07_15:16:10
0.32,0.46,0.65,0.92,1.23,1.5,2021-04-07_15:16:10
0.32,0.46,0.65,0.92,1.23,1.5,2021-04-07_15:16:10
0.32,0.46,0.65,0.92,1.23,1.5,2021-04-07_15:16:11
0.32,0.46,0.65,0.92,1.23,1.5,2021-04-07_15:16:11
0.32,0.46,0.65,0.92,1.23,1.5,2021-04-07_15:16:11
0.32,0.46,0.65,0.92,1.23,1.5,2021-04-07_15:16:11
0.32,0.46,0.65,0.92,1.23,1.5,2021-04-07_15:16:11
0.32,0.46,0.65,0.92,1.23,1.5,2021-04-07_15:16:11
0.32,0.46,0.65,0.92,1.23,1.5,2021-04-07_15:16:11
0.32,0.46,0.65,0.92,1.23,1.5,2021-04-07_15:16:11
0.32,0.46,0.65,0.92,1.23,1.5,2021-04-07_15:16:11
0.32,0.46,0.65,0.92,1.23,1.5,2021-04-07_15:16:11
0.32,0.46,0.65,0.92,1.23,1.5,2021-04-07_15:16:11
0.32,0.46,0.65,0.92,1.23,1.5,2021-04-07_15:16:11
0.32,0.46,0.65,0.92,1.23,1.5,2021-04-07_15:16:11
0.32,0.46,0.65,0.92,1.23,1.5,2021-04-07_15:16:12
0.32,0.46,0.65,0.92,1.23,1.5,2021-04-07_15:16:12
0.32,0.46,0.65,0.92,1.23,1.5,2021-04-07_15:16:12
0.32,0.46,0.65,0.92,1.23,1.5,2021-04-07_15:16:12
0.32,0.46,0.65,0.92,1.23,1.5,2021-04-07_15:16:12
0.32,0.46,0.65,0.92,1.23,1.5,2021-04-07_15:16:12
0.32,0.46,0.65,0.92,1.23,1.5,2021-04-07_15:16:12
0.32,0.46,0.65,0.92,1.23,1.5,2021-04-07_15:16:12
0.32,0.46,0.65,0.92,1.23,1.5,2021-04-07_15:16:12
0.32,0.46,0.65,0.92,1.23,1.5,2021-04-07_15:16:12
0.32,0.46,0.65,0.92,1.23,1.5,2021-04-07_15:16:12
0.32,0.46,0.65,0.92,1.23,1.5,2021-04-07_15:16:12
0.32,0.46,0.65,0.92,1.23,1.5,2021-04-07_15:16:12
0.32,0.46,0.65,0.92,1.23,1.5,2021-04-07_15:16:13
0.32,0.46,0.65,0.92,1.23,1.5,2021-04-07_15:16:13
0.32,0.46,0.65,0.92,1.23,1.5,2021-04-07_15:16:13
0.32,0.46,0.65,0.92,1.23,1.5,2021-04-07_15:16:13
0.32,0.46,0.65,0.92,1.23,1.5,2021-04-07_15:16:13
0.32,0.46,0.65,0.92,1.23,1.5,2021-04-07_15:16:13
0.32,0.46,0.65,0.92,1.23,1.5,2021-04-07_15:16:13
0.32,0.46,0.65,0.92,1.23,1.5,2021-04-07_15:16:13
0.32,0.46,0.65,0.92,1.23,1.5,2021-04-07_15:16:13
0.32,0.46,0.65,0.92,1.23,1.5,2021-04-07_15:16:13
0.32,0.46,0.65,0.92,1.23,1.5,2021-04-07_15:16:13
0.32,0.46,0.65,0.92,1.23,1.5,2021-04-07_15:16:13
0.32,0.46,0.65,0.92,1.23,1.5,2021-04-07_15:16:13
0.32,0.46,0.65,0.92,1.23,1.5,2021-04-07_15:16:13
0.32,0.46,0.65,0.92,1.23,1.5,2021-04-07_15:16:14
0.32,0.46,0.65,0.92,1.23,1.5,2021-04-07_15:16:14
0.32,0.46,0.65,0.92,1.23,1.5,2021-04-07_15:16:14
0.32,0.46,0.65,0.92,1.23,1.5,2021-04-07_15:16:14
0.32,0.46,0.65,0.92,1.23,1.5,2021-04-07_15:16:14
0.32,0.46,0.65,0.92,1.23,1.5,2021-04-07_15:16:14
0.32,0.46,0.65,0.92,1.23,1.5,2021-04-07_15:16:14
0.32,0.46,0.65,0.92,1.23,1.5,2021-04-07_15:16:14
0.32,0.46,0.65,0.92,1.23,1.5,2021-04-07_15:16:14
0.32,0.46,0.65,0.92,1.23,1.5,2021-04-07_15:16:14
0.32,0.46,0.65,0.92,1.23,1.5,2021-04-07_15:16:14
0.32,0.46,0.65,0.92,1.23,1.5,2021-04-07_15:16:14
0.32,0.46,0.65,0.92,1.23,1.5,2021-04-07_15:16:14
0.32,0.46,0.65,0.92,1.23,1.5,2021-04-07_15:16:15
0.32,0.46,0.65,0.92,1.23,1.5,2021-04-07_15:16:15
0.32,0.46,0.65,0.92,1.23,1.5,2021-04-07_15:16:15
0.32,0.46,0.65,0.92,1.23,1.5,2021-04-07_15:16:15
0.32,0.46,0.65,0.92,1.23,1.5,2021-04-07_15:16:15
0.32,0.46,0.65,0.92,1.23,1.5,2021-04-07_15:16:15
0.32,0.46,0.65,0.92,1.23,1.5,2021-04-07_15:16:15
0.32,0.46,0.65,0.92,1.23,1.5,2021-04-07_15:16:15
0.32,0.46,0.65,0.92,1.23,1.5,2021-04-07_15:16:15
0.32,0.46,0.65,0.92,1.23,1.5,2021-04-07_15:16:15
0.32,0.46,0.65,0.92,1.23,1.5,2021-04-07_15:16:15
0.32,0.46,0.65,0.92,1.23,1.5,2021-04-07_15:16:15
0.32,0.46,0.65,0.92,1.23,1.5,2021-04-07_15:16:15
0.32,0.46,0.65,0.92,1.23,1.5,2021-04-07_15:16:15
0.32,0.46,0.65,0.92,1.23,1.5,2021-04-07_15:16:16
0.32,0.46,0.65,0.92,1.23,1.5,2021-04-07_15:16:16
0.32,0.46,0.65,0.92,1.23,1.5,2021-04-07_15:16:16
0.32,0.46,0.65,0.92,1.23,1.5,2021-04-07_15:16:16
0.32,0.46,0.65,0.92,1.23,1.5,2021-04-07_15:16:16
0.32,0.46,0.65,0.92,1.23,1.5,2021-04-07_15:16:16
0.32,0.46,0.65,0.92,1.23,1.5,2021-04-07_15:16:16
0.32,0.46,0.65,0.92,1.23,1.5,2021-04-07_15:16:16
0.32,0.46,0.65,0.92,1.23,1.5,2021-04-07_15:16:16
0.32,0.46,0.65,0.92,1.23,1.5,2021-04-07_15:16:16
0.32,0.46,0.65,0.92,1.23,1.5,2021-04-07_15:16:16
0.32,0.46,0.65,0.92,1.23,1.5,2021-04-07_15:16:16
0.32,0.46,0.65,0.92,1.22,1.5,2021-04-07_15:16:16
0.32,0.46,0.65,0.92,1.23,1.5,2021-04-07_15:16:17
0.32,0.46,0.65,0.92,1.23,1.5,2021-04-07_15:16:17
0.32,0.46,0.65,0.92,1.23,1.5,2021-04-07_15:16:17
0.32,0.46,0.65,0.92,1.22,1.5,2021-04-07_15:16:17
0.32,0.46,0.65,0.92,1.23,1.5,2021-04-07_15:16:17
0.32,0.46,0.65,0.92,1.23,1.5,2021-04-07_15:16:17
0.32,0.46,0.65,0.92,1.23,1.5,2021-04-07_15:16:17
0.32,0.46,0.65,0.92,1.22,1.5,2021-04-07_15:16:17
0.32,0.46,0.65,0.92,1.23,1.5,2021-04-07_15:16:17
0.32,0.46,0.65,0.92,1.23,1.5,2021-04-07_15:16:17
0.32,0.46,0.65,0.92,1.23,1.5,2021-04-07_15:16:17
0.32,0.46,0.65,0.92,1.23,1.5,2021-04-07_15:16:17
0.32,0.46,0.65,0.92,1.23,1.5,2021-04-07_15:16:17
0.32,0.46,0.65,0.92,1.22,1.5,2021-04-07_15:16:18
0.32,0.46,0.65,0.92,1.22,1.5,2021-04-07_15:16:18
0.32,0.46,0.65,0.92,1.22,1.5,2021-04-07_15:16:18
0.32,0.46,0.65,0.92,1.23,1.5,2021-04-07_15:16:18
0.32,0.46,0.65,0.92,1.22,1.5,2021-04-07_15:16:18
0.32,0.46,0.65,0.92,1.22,1.5,2021-04-07_15:16:18
0.32,0.46,0.65,0.92,1.22,1.5,2021-04-07_15:16:18
0.32,0.46,0.65,0.92,1.23,1.5,2021-04-07_15:16:18
0.32,0.46,0.65,0.92,1.22,1.5,2021-04-07_15:16:18
0.32,0.46,0.65,0.92,1.22,1.5,2021-04-07_15:16:18
0.32,0.46,0.65,0.92,1.22,1.5,2021-04-07_15:16:18
0.32,0.46,0.65,0.92,1.23,1.5,2021-04-07_15:16:18
0.32,0.46,0.65,0.92,1.22,1.5,2021-04-07_15:16:18
0.32,0.46,0.65,0.92,1.22,1.5,2021-04-07_15:16:18
0.32,0.46,0.65,0.92,1.22,1.5,2021-04-07_15:16:19
0.32,0.46,0.65,0.92,1.22,1.5,2021-04-07_15:16:19
0.32,0.46,0.65,0.92,1.22,1.5,2021-04-07_15:16:19
0.32,0.46,0.65,0.92,1.22,1.5,2021-04-07_15:16:19
0.32,0.46,0.65,0.92,1.22,1.5,2021-04-07_15:16:19
0.32,0.46,0.65,0.92,1.22,1.5,2021-04-07_15:16:19
0.32,0.46,0.65,0.92,1.22,1.5,2021-04-07_15:16:19
0.32,0.46,0.65,0.92,1.22,1.5,2021-04-07_15:16:19
0.32,0.46,0.65,0.92,1.22,1.5,2021-04-07_15:16:19
0.32,0.46,0.65,0.92,1.22,1.49,2021-04-07_15:16:19
0.32,0.46,0.65,0.92,1.22,1.5,2021-04-07_15:16:19
0.32,0.46,0.65,0.92,1.22,1.5,2021-04-07_15:16:19
0.32,0.46,0.65,0.92,1.22,1.5,2021-04-07_15:16:19
0.32,0.46,0.65,0.92,1.22,1.49,2021-04-07_15:16:20
0.32,0.46,0.65,0.92,1.22,1.49,2021-04-07_15:16:20
0.32,0.46,0.65,0.92,1.22,1.49,2021-04-07_15:16:20
0.32,0.46,0.65,0.92,1.22,1.5,2021-04-07_15:16:20
0.32,0.46,0.65,0.92,1.22,1.49,2021-04-07_15:16:20
0.32,0.46,0.65,0.92,1.22,1.49,2021-04-07_15:16:20
0.32,0.46,0.65,0.92,1.22,1.49,2021-04-07_15:16:20
0.32,0.46,0.65,0.92,1.22,1.5,2021-04-07_15:16:20
0.32,0.46,0.65,0.92,1.22,1.5,2021-04-07_15:16:20
0.32,0.46,0.65,0.92,1.22,1.5,2021-04-07_15:16:20
0.32,0.46,0.65,0.92,1.22,1.5,2021-04-07_15:16:20
0.32,0.46,0.65,0.92,1.22,1.5,2021-04-07_15:16:20
0.32,0.46,0.65,0.92,1.22,1.5,2021-04-07_15:16:20
0.32,0.46,0.65,0.92,1.22,1.5,2021-04-07_15:16:21
0.32,0.46,0.65,0.92,1.22,1.5,2021-04-07_15:16:21
0.32,0.46,0.65,0.92,1.22,1.5,2021-04-07_15:16:21
0.32,0.46,0.65,0.92,1.22,1.5,2021-04-07_15:16:21
0.32,0.46,0.65,0.92,1.22,1.5,2021-04-07_15:16:21
0.32,0.46,0.65,0.92,1.22,1.5,2021-04-07_15:16:21
0.32,0.46,0.65,0.92,1.22,1.5,2021-04-07_15:16:21
0.32,0.46,0.65,0.92,1.22,1.5,2021-04-07_15:16:21
0.32,0.46,0.65,0.92,1.22,1.5,2021-04-07_15:16:21
0.32,0.46,0.65,0.92,1.22,1.51,2021-04-07_15:16:21
0.32,0.46,0.65,0.92,1.22,1.51,2021-04-07_15:16:21
0.32,0.46,0.65,0.92,1.22,1.51,2021-04-07_15:16:21
0.32,0.46,0.65,0.92,1.22,1.51,2021-04-07_15:16:21
0.32,0.46,0.65,0.92,1.22,1.51,2021-04-07_15:16:21
0.32,0.46,0.65,0.92,1.22,1.52,2021-04-07_15:16:22
0.32,0.46,0.65,0.92,1.22,1.53,2021-04-07_15:16:22
0.32,0.46,0.65,0.92,1.22,1.53,2021-04-07_15:16:22
0.32,0.46,0.65,0.92,1.22,1.53,2021-04-07_15:16:22
0.32,0.46,0.65,0.92,1.22,1.53,2021-04-07_15:16:22
0.32,0.46,0.65,0.92,1.22,1.54,2021-04-07_15:16:22
0.32,0.46,0.65,0.91,1.22,1.55,2021-04-07_15:16:22
0.32,0.46,0.65,0.91,1.22,1.56,2021-04-07_15:16:22
0.32,0.46,0.65,0.92,1.22,1.58,2021-04-07_15:16:22
0.32,0.46,0.65,0.91,1.22,1.61,2021-04-07_15:16:22
0.32,0.46,0.65,0.91,1.22,1.64,2021-04-07_15:16:22
0.32,0.46,0.65,0.91,1.22,1.66,2021-04-07_15:16:22
0.32,0.46,0.65,0.92,1.22,1.72,2021-04-07_15:16:22
0.32,0.46,0.65,0.91,1.22,1.75,2021-04-07_15:16:23
0.32,0.46,0.65,0.91,1.22,1.78,2021-04-07_15:16:23
0.32,0.46,0.65,0.91,1.22,1.87,2021-04-07_15:16:23
0.32,0.46,0.65,0.91,1.22,2.12,2021-04-07_15:16:23
0.32,0.46,0.65,0.91,1.22,2.14,2021-04-07_15:16:23
0.32,0.46,0.65,0.91,1.22,1.94,2021-04-07_15:16:23
0.32,0.46,0.65,0.91,1.22,1.93,2021-04-07_15:16:23
0.32,0.46,0.65,0.91,1.22,1.95,2021-04-07_15:16:23
0.32,0.46,0.65,0.91,1.22,1.95,2021-04-07_15:16:23
0.32,0.46,0.65,0.91,1.22,1.96,2021-04-07_15:16:23
0.32,0.46,0.65,0.91,1.22,1.98,2021-04-07_15:16:23
0.32,0.46,0.65,0.91,1.22,1.99,2021-04-07_15:16:23
0.32,0.46,0.65,0.91,1.22,1.97,2021-04-07_15:16:23
0.32,0.46,0.65,0.91,1.22,1.98,2021-04-07_15:16:23
0.32,0.46,0.65,0.91,1.22,1.94,2021-04-07_15:16:24
0.32,0.46,0.65,0.91,1.22,1.8,2021-04-07_15:16:24
0.32,0.46,0.65,0.91,1.22,1.67,2021-04-07_15:16:24
0.32,0.46,0.65,0.91,1.22,1.65,2021-04-07_15:16:24
0.32,0.46,0.65,0.91,1.22,1.66,2021-04-07_15:16:24
0.32,0.46,0.65,0.91,1.22,1.61,2021-04-07_15:16:24
0.32,0.46,0.65,0.91,1.22,1.6,2021-04-07_15:16:24
0.32,0.46,0.65,0.91,1.22,1.58,2021-04-07_15:16:24
0.32,0.46,0.65,0.91,1.22,1.56,2021-04-07_15:16:24
0.32,0.46,0.65,0.91,1.22,1.54,2021-04-07_15:16:24
0.32,0.46,0.65,0.91,1.22,1.53,2021-04-07_15:16:24
0.32,0.46,0.65,0.91,1.22,1.53,2021-04-07_15:16:24
0.32,0.46,0.65,0.91,1.22,1.53,2021-04-07_15:16:24
0.32,0.46,0.65,0.91,1.22,1.52,2021-04-07_15:16:25
0.32,0.46,0.65,0.91,1.22,1.52,2021-04-07_15:16:25
0.32,0.46,0.65,0.91,1.22,1.52,2021-04-07_15:16:25
0.32,0.46,0.65,0.91,1.22,1.51,2021-04-07_15:16:25
0.32,0.46,0.65,0.91,1.22,1.51,2021-04-07_15:16:25
0.32,0.46,0.65,0.91,1.22,1.51,2021-04-07_15:16:25
0.32,0.46,0.65,0.91,1.22,1.51,2021-04-07_15:16:25
0.32,0.46,0.65,0.91,1.22,1.51,2021-04-07_15:16:25
0.32,0.46,0.65,0.91,1.22,1.5,2021-04-07_15:16:25
0.32,0.46,0.65,0.91,1.22,1.5,2021-04-07_15:16:25
0.32,0.46,0.65,0.91,1.22,1.5,2021-04-07_15:16:25
0.32,0.46,0.65,0.91,1.22,1.5,2021-04-07_15:16:25
0.32,0.46,0.65,0.91,1.22,1.5,2021-04-07_15:16:25
0.32,0.46,0.65,0.91,1.22,1.5,2021-04-07_15:16:26
0.32,0.46,0.65,0.91,1.22,1.5,2021-04-07_15:16:26
0.32,0.46,0.65,0.91,1.22,1.5,2021-04-07_15:16:26
0.32,0.46,0.65,0.91,1.22,1.5,2021-04-07_15:16:26
0.32,0.46,0.65,0.91,1.22,1.5,2021-04-07_15:16:26
0.32,0.46,0.65,0.91,1.22,1.5,2021-04-07_15:16:26
0.32,0.46,0.65,0.91,1.22,1.5,2021-04-07_15:16:26
0.32,0.46,0.65,0.91,1.22,1.5,2021-04-07_15:16:26
0.32,0.46,0.65,0.91,1.22,1.49,2021-04-07_15:16:26
0.32,0.46,0.65,0.91,1.22,1.49,2021-04-07_15:16:26
0.32,0.46,0.65,0.91,1.22,1.49,2021-04-07_15:16:26
0.32,0.46,0.65,0.91,1.22,1.49,2021-04-07_15:16:26
0.32,0.46,0.65,0.91,1.22,1.49,2021-04-07_15:16:26
0.32,0.46,0.65,0.91,1.22,1.49,2021-04-07_15:16:26
0.32,0.46,0.65,0.91,1.22,1.49,2021-04-07_15:16:27
0.32,0.46,0.65,0.91,1.22,1.49,2021-04-07_15:16:27
0.32,0.46,0.65,0.91,1.22,1.49,2021-04-07_15:16:27
0.32,0.46,0.65,0.91,1.22,1.49,2021-04-07_15:16:27
0.32,0.46,0.65,0.91,1.22,1.49,2021-04-07_15:16:27
0.32,0.46,0.65,0.91,1.22,1.49,2021-04-07_15:16:27
0.32,0.46,0.65,0.91,1.22,1.49,2021-04-07_15:16:27
0.32,0.46,0.65,0.91,1.22,1.49,2021-04-07_15:16:27
0.32,0.46,0.65,0.91,1.22,1.49,2021-04-07_15:16:27
0.32,0.46,0.65,0.91,1.22,1.49,2021-04-07_15:16:27
0.32,0.46,0.65,0.91,1.22,1.49,2021-04-07_15:16:27
0.32,0.46,0.65,0.91,1.22,1.49,2021-04-07_15:16:27
0.32,0.46,0.65,0.91,1.22,1.49,2021-04-07_15:16:27
0.32,0.46,0.65,0.91,1.22,1.49,2021-04-07_15:16:28
0.32,0.46,0.65,0.91,1.22,1.49,2021-04-07_15:16:28
0.32,0.46,0.65,0.91,1.22,1.49,2021-04-07_15:16:28
0.32,0.46,0.65,0.91,1.22,1.49,2021-04-07_15:16:28
0.32,0.46,0.65,0.91,1.22,1.49,2021-04-07_15:16:28
0.32,0.46,0.65,0.91,1.22,1.49,2021-04-07_15:16:28
0.32,0.46,0.65,0.91,1.22,1.49,2021-04-07_15:16:28
0.32,0.46,0.65,0.91,1.22,1.49,2021-04-07_15:16:28
0.32,0.46,0.65,0.91,1.22,1.49,2021-04-07_15:16:28
0.32,0.46,0.65,0.91,1.22,1.49,2021-04-07_15:16:28
0.32,0.46,0.65,0.91,1.22,1.49,2021-04-07_15:16:28
0.32,0.46,0.65,0.91,1.22,1.49,2021-04-07_15:16:28
0.32,0.46,0.65,0.91,1.22,1.49,2021-04-07_15:16:28
0.32,0.46,0.65,0.91,1.22,1.49,2021-04-07_15:16:29
0.32,0.46,0.65,0.91,1.22,1.49,2021-04-07_15:16:29
0.32,0.46,0.65,0.91,1.22,1.49,2021-04-07_15:16:29
0.32,0.46,0.65,0.91,1.22,1.49,2021-04-07_15:16:29
0.32,0.46,0.65,0.91,1.22,1.49,2021-04-07_15:16:29
0.32,0.46,0.65,0.91,1.22,1.49,2021-04-07_15:16:29
0.32,0.46,0.65,0.91,1.22,1.49,2021-04-07_15:16:29
0.32,0.46,0.65,0.91,1.22,1.49,2021-04-07_15:16:29
0.32,0.46,0.65,0.91,1.22,1.49,2021-04-07_15:16:29
0.32,0.46,0.65,0.91,1.22,1.49,2021-04-07_15:16:29
0.32,0.46,0.65,0.91,1.22,1.49,2021-04-07_15:16:29
0.32,0.46,0.65,0.91,1.22,1.49,2021-04-07_15:16:29
0.32,0.46,0.65,0.91,1.22,1.49,2021-04-07_15:16:29
0.32,0.46,0.65,0.91,1.22,1.49,2021-04-07_15:16:29
0.32,0.46,0.65,0.91,1.22,1.49,2021-04-07_15:16:30
0.32,0.46,0.65,0.91,1.22,1.49,2021-04-07_15:16:30
0.32,0.46,0.65,0.91,1.22,1.49,2021-04-07_15:16:30
0.32,0.46,0.65,0.91,1.22,1.49,2021-04-07_15:16:30
0.32,0.46,0.65,0.91,1.22,1.49,2021-04-07_15:16:30
0.32,0.46,0.65,0.91,1.22,1.49,2021-04-07_15:16:30
0.32,0.46,0.65,0.91,1.22,1.49,2021-04-07_15:16:30
0.32,0.46,0.65,0.91,1.22,1.49,2021-04-07_15:16:30
0.32,0.46,0.65,0.91,1.22,1.49,2021-04-07_15:16:30
0.32,0.46,0.65,0.91,1.22,1.49,2021-04-07_15:16:30
0.32,0.46,0.65,0.91,1.22,1.49,2021-04-07_15:16:30
0.32,0.46,0.65,0.91,1.22,1.49,2021-04-07_15:16:30
0.32,0.46,0.65,0.92,1.22,1.49,2021-04-07_15:16:30
0.32,0.46,0.65,0.91,1.22,1.49,2021-04-07_15:16:31
0.32,0.46,0.65,0.91,1.22,1.49,2021-04-07_15:16:31
0.32,0.46,0.65,0.91,1.22,1.49,2021-04-07_15:16:31
0.32,0.46,0.65,0.92,1.22,1.49,2021-04-07_15:16:31
0.32,0.46,0.65,0.91,1.22,1.49,2021-04-07_15:16:31
0.32,0.46,0.65,0.91,1.22,1.49,2021-04-07_15:16:31
0.32,0.46,0.65,0.92,1.22,1.49,2021-04-07_15:16:31
0.32,0.46,0.65,0.92,1.22,1.49,2021-04-07_15:16:31
0.32,0.46,0.65,0.92,1.22,1.49,2021-04-07_15:16:31
0.32,0.46,0.65,0.91,1.22,1.49,2021-04-07_15:16:31
0.32,0.46,0.65,0.92,1.22,1.49,2021-04-07_15:16:31
0.32,0.46,0.65,0.92,1.22,1.49,2021-04-07_15:16:31
0.32,0.46,0.65,0.92,1.22,1.49,2021-04-07_15:16:31
0.32,0.46,0.65,0.92,1.23,1.49,2021-04-07_15:16:31
0.32,0.46,0.65,0.92,1.23,1.49,2021-04-07_15:16:32
0.32,0.46,0.65,0.92,1.22,1.49,2021-04-07_15:16:32
0.32,0.46,0.65,0.92,1.22,1.49,2021-04-07_15:16:32
0.32,0.46,0.65,0.92,1.23,1.49,2021-04-07_15:16:32
0.32,0.46,0.65,0.92,1.23,1.49,2021-04-07_15:16:32
0.32,0.46,0.65,0.92,1.22,1.49,2021-04-07_15:16:32
0.32,0.46,0.65,0.92,1.23,1.49,2021-04-07_15:16:32
0.32,0.46,0.65,0.92,1.23,1.49,2021-04-07_15:16:32
0.32,0.46,0.65,0.92,1.23,1.49,2021-04-07_15:16:32
0.32,0.46,0.65,0.92,1.22,1.49,2021-04-07_15:16:32
0.32,0.46,0.65,0.92,1.23,1.49,2021-04-07_15:16:32
0.32,0.46,0.65,0.92,1.23,1.49,2021-04-07_15:16:32
0.32,0.46,0.65,0.92,1.23,1.49,2021-04-07_15:16:32
0.32,0.46,0.65,0.92,1.23,1.49,2021-04-07_15:16:33
0.32,0.46,0.65,0.92,1.23,1.49,2021-04-07_15:16:33
0.32,0.46,0.65,0.92,1.23,1.49,2021-04-07_15:16:33
0.32,0.46,0.65,0.92,1.23,1.49,2021-04-07_15:16:33
0.32,0.46,0.65,0.92,1.23,1.49,2021-04-07_15:16:33
0.32,0.46,0.65,0.92,1.23,1.49,2021-04-07_15:16:33
0.32,0.46,0.65,0.92,1.23,1.49,2021-04-07_15:16:33
0.32,0.46,0.65,0.92,1.22,1.49,2021-04-07_15:16:33
0.32,0.46,0.65,0.92,1.23,1.49,2021-04-07_15:16:33
0.32,0.46,0.65,0.92,1.23,1.49,2021-04-07_15:16:33
0.32,0.46,0.65,0.92,1.23,1.49,2021-04-07_15:16:33
0.32,0.46,0.65,0.92,1.22,1.49,2021-04-07_15:16:33
0.32,0.46,0.65,0.92,1.23,1.49,2021-04-07_15:16:33
0.32,0.46,0.65,0.92,1.23,1.49,2021-04-07_15:16:34
0.32,0.46,0.65,0.92,1.23,1.49,2021-04-07_15:16:34
0.32,0.46,0.65,0.92,1.22,1.49,2021-04-07_15:16:34
0.32,0.46,0.65,0.92,1.23,1.49,2021-04-07_15:16:34
0.32,0.46,0.65,0.92,1.23,1.49,2021-04-07_15:16:34
0.32,0.46,0.65,0.92,1.23,1.49,2021-04-07_15:16:34
0.32,0.46,0.65,0.92,1.23,1.49,2021-04-07_15:16:34
0.32,0.46,0.65,0.92,1.23,1.49,2021-04-07_15:16:34
0.32,0.46,0.65,0.92,1.23,1.49,2021-04-07_15:16:34
0.32,0.46,0.65,0.92,1.23,1.49,2021-04-07_15:16:34
0.32,0.46,0.65,0.92,1.23,1.49,2021-04-07_15:16:34
0.32,0.46,0.65,0.92,1.23,1.49,2021-04-07_15:16:34
0.32,0.46,0.65,0.92,1.23,1.49,2021-04-07_15:16:34
0.32,0.46,0.65,0.92,1.23,1.49,2021-04-07_15:16:34
0.32,0.46,0.65,0.92,1.23,1.5,2021-04-07_15:16:35
0.32,0.46,0.65,0.92,1.23,1.49,2021-04-07_15:16:35
0.32,0.46,0.65,0.92,1.23,1.49,2021-04-07_15:16:35
0.32,0.46,0.65,0.92,1.23,1.49,2021-04-07_15:16:35
