0,1,2,3,4,5,6
5.12,0.17,5.12,5.12,5.12,5.12,2021-04-07_16:26:43
5.12,0.17,5.12,5.12,5.12,5.12,2021-04-07_16:26:44
5.12,0.17,5.12,5.12,5.12,5.12,2021-04-07_16:26:44
5.12,0.17,5.12,5.12,5.12,5.12,2021-04-07_16:26:44
5.12,0.18,5.12,5.12,5.12,5.12,2021-04-07_16:26:44
5.12,0.17,5.12,5.12,5.12,5.12,2021-04-07_16:26:44
5.12,0.17,5.12,5.12,5.12,5.12,2021-04-07_16:26:44
5.12,0.17,5.12,5.12,5.12,5.12,2021-04-07_16:26:44
5.12,0.18,5.12,5.12,5.12,5.12,2021-04-07_16:26:44
5.12,0.17,5.12,5.12,5.12,5.12,2021-04-07_16:26:44
5.12,0.17,5.12,5.12,5.12,5.12,2021-04-07_16:26:44
5.12,0.17,5.12,5.12,5.12,5.12,2021-04-07_16:26:44
5.12,0.18,5.12,5.12,5.12,5.12,2021-04-07_16:26:44
5.12,0.17,5.12,5.12,5.12,5.12,2021-04-07_16:26:44
5.12,0.17,5.12,5.12,5.12,5.12,2021-04-07_16:26:45
5.12,0.17,5.12,5.12,5.12,5.12,2021-04-07_16:26:45
5.12,0.17,5.12,5.12,5.12,5.12,2021-04-07_16:26:45
5.12,0.17,5.12,5.12,5.12,5.12,2021-04-07_16:26:45
5.12,0.17,5.12,5.12,5.12,5.12,2021-04-07_16:26:45
5.12,0.17,5.12,5.12,5.12,5.12,2021-04-07_16:26:45
5.12,0.17,5.12,5.12,5.12,5.12,2021-04-07_16:26:45
5.12,0.17,5.12,5.12,5.12,5.12,2021-04-07_16:26:45
5.12,0.17,5.12,5.12,5.12,5.12,2021-04-07_16:26:45
5.12,0.17,5.12,5.12,5.12,5.12,2021-04-07_16:26:45
5.12,0.17,5.12,5.12,5.12,5.12,2021-04-07_16:26:45
5.12,0.17,5.12,5.12,5.12,5.12,2021-04-07_16:26:45
5.12,0.18,5.12,5.12,5.12,5.12,2021-04-07_16:26:45
5.12,0.18,5.12,5.12,5.12,5.12,2021-04-07_16:26:46
5.12,0.17,5.12,5.12,5.12,5.12,2021-04-07_16:26:46
5.12,0.17,5.12,5.12,5.12,5.12,2021-04-07_16:26:46
5.12,0.17,5.12,5.12,5.12,5.12,2021-04-07_16:26:46
5.12,0.17,5.12,5.12,5.12,5.12,2021-04-07_16:26:46
5.12,0.17,5.12,5.12,5.12,5.12,2021-04-07_16:26:46
5.12,0.17,5.12,5.12,5.12,5.12,2021-04-07_16:26:46
5.12,0.17,5.12,5.12,5.12,5.12,2021-04-07_16:26:46
5.12,0.17,5.12,5.12,5.12,5.12,2021-04-07_16:26:46
5.12,0.17,5.12,5.12,5.12,5.12,2021-04-07_16:26:46
5.12,0.17,5.12,5.12,5.12,5.12,2021-04-07_16:26:46
5.12,0.18,5.12,5.12,5.12,5.12,2021-04-07_16:26:46
5.12,0.17,5.12,5.12,5.12,5.12,2021-04-07_16:26:46
5.12,0.17,5.12,5.12,5.12,5.12,2021-04-07_16:26:46
5.12,0.18,5.12,5.12,5.12,5.12,2021-04-07_16:26:47
5.12,0.18,5.12,5.12,5.12,5.12,2021-04-07_16:26:47
5.12,0.17,5.12,5.12,5.12,5.12,2021-04-07_16:26:47
5.12,0.17,5.12,5.12,5.12,5.12,2021-04-07_16:26:47
5.12,0.17,5.12,5.12,5.12,5.12,2021-04-07_16:26:47
5.12,0.18,5.12,5.12,5.12,5.12,2021-04-07_16:26:47
5.12,0.17,5.12,5.12,5.12,5.12,2021-04-07_16:26:47
5.12,0.17,5.12,5.12,5.12,5.12,2021-04-07_16:26:47
5.12,0.17,5.12,5.12,5.12,5.12,2021-04-07_16:26:47
5.12,0.17,5.12,5.12,5.12,5.12,2021-04-07_16:26:47
5.12,0.17,5.12,5.12,5.12,5.12,2021-04-07_16:26:47
5.12,0.17,5.12,5.12,5.12,5.12,2021-04-07_16:26:47
5.12,0.18,5.12,5.12,5.12,5.12,2021-04-07_16:26:47
5.12,0.17,5.12,5.12,5.12,5.12,2021-04-07_16:26:48
5.12,0.17,5.12,5.12,5.12,5.12,2021-04-07_16:26:48
5.12,0.17,5.12,5.12,5.12,5.12,2021-04-07_16:26:48
5.12,0.18,5.12,5.12,5.12,5.12,2021-04-07_16:26:48
5.12,0.17,5.12,5.12,5.12,5.12,2021-04-07_16:26:48
5.12,0.17,5.12,5.12,5.12,5.12,2021-04-07_16:26:48
5.12,0.17,5.12,5.12,5.12,5.12,2021-04-07_16:26:48
5.12,0.18,5.12,5.12,5.12,5.12,2021-04-07_16:26:48
5.12,0.17,5.12,5.12,5.12,5.12,2021-04-07_16:26:48
5.12,0.17,5.12,5.12,5.12,5.12,2021-04-07_16:26:48
5.12,0.17,5.12,5.12,5.12,5.12,2021-04-07_16:26:48
5.12,0.17,5.12,5.12,5.12,5.12,2021-04-07_16:26:48
5.12,0.17,5.12,5.12,5.12,5.12,2021-04-07_16:26:48
5.12,0.17,5.12,5.12,5.12,5.12,2021-04-07_16:26:48
5.12,0.18,5.12,5.12,5.12,5.12,2021-04-07_16:26:49
5.12,0.17,5.12,5.12,5.12,5.12,2021-04-07_16:26:49
5.12,0.17,5.12,5.12,5.12,5.12,2021-04-07_16:26:49
5.12,0.17,5.12,5.12,5.12,5.12,2021-04-07_16:26:49
5.12,0.17,5.12,5.12,5.12,5.12,2021-04-07_16:26:49
5.12,0.17,5.12,5.12,5.12,5.12,2021-04-07_16:26:49
5.12,0.17,5.12,5.12,5.12,5.12,2021-04-07_16:26:49
5.12,0.17,5.12,5.12,5.12,5.12,2021-04-07_16:26:49
5.12,0.18,5.12,5.12,5.12,5.12,2021-04-07_16:26:49
5.12,0.17,5.12,5.12,5.12,5.12,2021-04-07_16:26:49
5.12,0.17,5.12,5.12,5.12,5.12,2021-04-07_16:26:49
5.12,0.17,5.12,5.12,5.12,5.12,2021-04-07_16:26:49
5.12,0.17,5.12,5.12,5.12,5.12,2021-04-07_16:26:49
5.12,0.17,5.12,5.12,5.12,5.12,2021-04-07_16:26:50
5.12,0.17,5.12,5.12,5.12,5.12,2021-04-07_16:26:50
5.12,0.17,5.12,5.12,5.12,5.12,2021-04-07_16:26:50
5.12,0.17,5.12,5.12,5.12,5.12,2021-04-07_16:26:50
5.12,0.17,5.12,5.12,5.12,5.12,2021-04-07_16:26:50
5.12,0.17,5.12,5.12,5.12,5.12,2021-04-07_16:26:50
5.12,0.18,5.12,5.12,5.12,5.12,2021-04-07_16:26:50
5.12,0.17,5.12,5.12,5.12,5.12,2021-04-07_16:26:50
5.12,0.17,5.12,5.12,5.12,5.12,2021-04-07_16:26:50
5.12,0.18,5.12,5.12,5.12,5.12,2021-04-07_16:26:50
5.12,0.18,5.12,5.12,5.12,5.12,2021-04-07_16:26:50
5.12,0.17,5.12,5.12,5.12,5.12,2021-04-07_16:26:50
5.12,0.17,5.12,5.12,5.12,5.12,2021-04-07_16:26:50
5.12,0.18,5.12,5.12,5.12,5.12,2021-04-07_16:26:51
5.12,0.18,5.12,5.12,5.12,5.12,2021-04-07_16:26:51
5.12,0.18,5.12,5.12,5.12,5.12,2021-04-07_16:26:51
5.12,0.18,5.12,5.12,5.12,5.12,2021-04-07_16:26:51
5.12,0.18,5.12,5.12,5.12,5.12,2021-04-07_16:26:51
5.12,0.18,5.12,5.12,5.12,5.12,2021-04-07_16:26:51
5.12,0.18,5.12,5.12,5.12,5.12,2021-04-07_16:26:51
5.12,0.18,5.12,5.12,5.12,5.12,2021-04-07_16:26:51
5.12,0.18,5.12,5.12,5.12,5.12,2021-04-07_16:26:51
5.12,0.18,5.12,5.12,5.12,5.12,2021-04-07_16:26:51
5.12,0.18,5.12,5.12,5.12,5.12,2021-04-07_16:26:51
5.12,0.18,5.12,5.12,5.12,5.12,2021-04-07_16:26:51
5.12,0.18,5.12,5.12,5.12,5.12,2021-04-07_16:26:51
5.12,0.18,5.12,5.12,5.12,5.12,2021-04-07_16:26:51
5.12,0.18,5.12,5.12,5.12,5.12,2021-04-07_16:26:52
5.12,0.18,5.12,5.12,5.12,5.12,2021-04-07_16:26:52
5.12,0.18,5.12,5.12,5.12,5.12,2021-04-07_16:26:52
5.12,0.18,5.12,5.12,5.12,5.12,2021-04-07_16:26:52
5.12,0.19,5.12,5.12,5.12,5.12,2021-04-07_16:26:52
5.12,0.19,5.12,5.12,5.12,5.12,2021-04-07_16:26:52
5.12,0.19,5.12,5.12,5.12,5.12,2021-04-07_16:26:52
5.12,0.2,5.12,5.12,5.12,5.12,2021-04-07_16:26:52
5.12,0.21,5.12,5.12,5.12,5.12,2021-04-07_16:26:52
5.12,0.23,5.12,5.12,5.12,5.12,2021-04-07_16:26:52
5.12,0.24,5.12,5.12,5.12,5.12,2021-04-07_16:26:52
5.12,0.27,5.12,5.12,5.12,5.12,2021-04-07_16:26:52
5.12,0.29,5.12,5.12,5.12,5.12,2021-04-07_16:26:52
5.12,0.3,5.12,5.12,5.12,5.12,2021-04-07_16:26:53
5.12,0.32,5.12,5.12,5.12,5.12,2021-04-07_16:26:53
5.12,0.35,5.12,5.12,5.12,5.12,2021-04-07_16:26:53
5.12,0.36,5.12,5.12,5.12,5.12,2021-04-07_16:26:53
5.12,0.38,5.12,5.12,5.12,5.12,2021-04-07_16:26:53
5.12,0.42,5.12,5.12,5.12,5.12,2021-04-07_16:26:53
5.12,0.5,5.12,5.12,5.12,5.12,2021-04-07_16:26:53
5.12,0.55,5.12,5.12,5.12,5.12,2021-04-07_16:26:53
5.12,0.6,5.12,5.12,5.12,5.12,2021-04-07_16:26:53
5.12,0.61,5.12,5.12,5.12,5.12,2021-04-07_16:26:53
5.12,0.67,5.12,5.12,5.12,5.12,2021-04-07_16:26:53
5.12,0.85,5.12,5.12,5.12,5.12,2021-04-07_16:26:53
5.12,0.98,5.12,5.12,5.12,5.12,2021-04-07_16:26:53
5.12,1.06,5.12,5.12,5.12,5.12,2021-04-07_16:26:54
5.12,1.13,5.12,5.12,5.12,5.12,2021-04-07_16:26:54
5.12,1.18,5.12,5.12,5.12,5.12,2021-04-07_16:26:54
5.12,1.28,5.12,5.12,5.12,5.12,2021-04-07_16:26:54
5.12,1.47,5.12,5.12,5.12,5.12,2021-04-07_16:26:54
5.12,1.66,5.12,5.12,5.12,5.12,2021-04-07_16:26:54
5.12,1.79,5.12,5.12,5.12,5.12,2021-04-07_16:26:54
5.12,1.94,5.12,5.12,5.12,5.12,2021-04-07_16:26:54
5.12,2.15,5.12,5.12,5.12,5.12,2021-04-07_16:26:54
5.12,2.29,5.12,5.12,5.12,5.12,2021-04-07_16:26:54
5.12,2.4,5.12,5.12,5.12,5.12,2021-04-07_16:26:54
5.12,2.63,5.12,5.12,5.12,5.12,2021-04-07_16:26:54
5.12,2.94,5.12,5.12,5.12,5.12,2021-04-07_16:26:54
5.12,3.1,5.12,5.12,5.12,5.12,2021-04-07_16:26:54
5.12,3.41,5.12,5.12,5.12,5.12,2021-04-07_16:26:55
5.12,3.65,5.12,5.12,5.12,5.12,2021-04-07_16:26:55
5.12,3.87,5.12,5.12,5.12,5.12,2021-04-07_16:26:55
5.12,4.19,5.12,5.12,5.12,5.12,2021-04-07_16:26:55
5.12,4.5,5.12,5.12,5.12,5.12,2021-04-07_16:26:55
5.12,4.93,5.12,5.12,5.12,5.12,2021-04-07_16:26:55
5.12,5.12,5.12,5.12,5.12,5.12,2021-04-07_16:26:55
5.12,5.12,5.12,5.12,5.12,5.12,2021-04-07_16:26:55
5.12,5.12,5.12,5.12,5.12,5.12,2021-04-07_16:26:55
5.12,5.12,5.12,5.12,5.12,5.12,2021-04-07_16:26:55
5.12,5.12,5.12,5.12,5.12,5.12,2021-04-07_16:26:55
5.12,5.12,5.12,5.12,5.12,5.12,2021-04-07_16:26:55
5.12,5.12,5.12,5.12,5.12,5.12,2021-04-07_16:26:55
5.12,5.12,5.12,5.12,5.12,5.12,2021-04-07_16:26:56
5.12,5.12,5.12,5.12,5.12,5.12,2021-04-07_16:26:56
5.12,5.12,5.12,5.12,5.12,5.12,2021-04-07_16:26:56
5.12,5.12,5.12,5.12,5.12,5.12,2021-04-07_16:26:56
5.12,5.12,5.12,5.12,5.12,5.12,2021-04-07_16:26:56
5.12,5.12,5.12,5.12,5.12,5.12,2021-04-07_16:26:56
5.12,5.12,5.12,5.12,5.12,5.12,2021-04-07_16:26:56
5.12,5.12,5.12,5.12,5.12,5.12,2021-04-07_16:26:56
5.12,5.12,5.12,5.12,5.12,5.12,2021-04-07_16:26:56
5.12,5.12,5.12,5.12,5.12,5.12,2021-04-07_16:26:56
5.12,5.12,5.12,5.12,5.12,5.12,2021-04-07_16:26:56
5.12,5.12,5.12,5.12,5.12,5.12,2021-04-07_16:26:56
5.12,5.12,5.12,5.12,5.12,5.12,2021-04-07_16:26:56
5.12,5.12,5.12,5.12,5.12,5.12,2021-04-07_16:26:56
5.12,5.12,5.12,5.12,5.12,5.12,2021-04-07_16:26:57
5.12,5.12,5.12,5.12,5.12,5.12,2021-04-07_16:26:57
5.12,5.12,5.12,5.12,5.12,5.12,2021-04-07_16:26:57
5.12,5.12,5.12,5.12,5.12,5.12,2021-04-07_16:26:57
5.12,5.12,5.12,5.12,5.12,5.12,2021-04-07_16:26:57
5.12,5.12,5.12,5.12,5.12,5.12,2021-04-07_16:26:57
5.12,5.12,5.12,5.12,5.12,5.12,2021-04-07_16:26:57
5.12,5.12,5.12,5.12,5.12,5.12,2021-04-07_16:26:57
5.12,5.12,5.12,5.12,5.12,5.12,2021-04-07_16:26:57
5.12,5.12,5.12,5.12,5.12,5.12,2021-04-07_16:26:57
5.12,5.12,5.12,5.12,5.12,5.12,2021-04-07_16:26:57
5.12,5.12,5.12,5.12,5.12,5.12,2021-04-07_16:26:57
5.12,5.12,5.12,5.12,5.12,5.12,2021-04-07_16:26:57
5.12,5.12,5.12,5.12,5.12,5.12,2021-04-07_16:26:58
5.12,5.12,5.12,5.12,5.12,5.12,2021-04-07_16:26:58
5.12,5.12,5.12,5.12,5.12,5.12,2021-04-07_16:26:58
5.12,5.12,5.12,5.12,5.12,5.12,2021-04-07_16:26:58
5.12,5.12,5.12,5.12,5.12,5.12,2021-04-07_16:26:58
5.12,5.12,5.12,5.12,5.12,5.12,2021-04-07_16:26:58
5.12,5.12,5.12,5.12,5.12,5.12,2021-04-07_16:26:58
5.12,5.12,5.12,5.12,5.12,5.12,2021-04-07_16:26:58
5.12,5.12,5.12,5.12,5.12,5.12,2021-04-07_16:26:58
5.12,5.12,5.12,5.12,5.12,5.12,2021-04-07_16:26:58
5.12,5.12,5.12,5.12,5.12,5.12,2021-04-07_16:26:58
5.12,5.12,5.12,5.12,5.12,5.12,2021-04-07_16:26:58
5.12,5.12,5.12,5.12,5.12,5.12,2021-04-07_16:26:58
5.12,5.12,5.12,5.12,5.12,5.12,2021-04-07_16:26:59
5.12,5.12,5.12,5.12,5.12,5.12,2021-04-07_16:26:59
5.12,5.12,5.12,5.12,5.12,5.12,2021-04-07_16:26:59
5.12,5.12,5.12,5.12,5.12,5.12,2021-04-07_16:26:59
5.12,5.12,5.12,5.12,5.12,5.12,2021-04-07_16:26:59
5.12,5.12,5.12,5.12,5.12,5.12,2021-04-07_16:26:59
5.12,5.12,5.12,5.12,5.12,5.12,2021-04-07_16:26:59
5.12,5.12,5.12,5.12,5.12,5.12,2021-04-07_16:26:59
5.12,5.12,5.12,5.12,5.12,5.12,2021-04-07_16:26:59
5.12,5.12,5.12,5.12,5.12,5.12,2021-04-07_16:26:59
5.12,5.12,5.12,5.12,5.12,5.12,2021-04-07_16:26:59
5.12,5.12,5.12,5.12,5.12,5.12,2021-04-07_16:26:59
5.12,5.12,5.12,5.12,5.12,5.12,2021-04-07_16:26:59
5.12,5.12,5.12,5.12,5.12,5.12,2021-04-07_16:26:59
5.12,5.12,5.12,5.12,5.12,5.12,2021-04-07_16:27:00
5.12,5.12,5.12,5.12,5.12,5.12,2021-04-07_16:27:00
5.12,5.0,5.12,5.12,5.12,5.12,2021-04-07_16:27:00
5.12,4.67,5.12,5.12,5.12,5.12,2021-04-07_16:27:00
5.12,4.37,5.12,5.12,5.12,5.12,2021-04-07_16:27:00
5.12,4.08,5.12,5.12,5.12,5.12,2021-04-07_16:27:00
5.12,3.86,5.12,5.12,5.12,5.12,2021-04-07_16:27:00
5.12,3.61,5.12,5.12,5.12,5.12,2021-04-07_16:27:00
5.12,3.37,5.12,5.12,5.12,5.12,2021-04-07_16:27:00
5.12,3.05,5.12,5.12,5.12,5.12,2021-04-07_16:27:00
5.12,2.83,5.12,5.12,5.12,5.12,2021-04-07_16:27:00
5.12,2.71,5.12,5.12,5.12,5.12,2021-04-07_16:27:00
5.12,2.65,5.12,5.12,5.12,5.12,2021-04-07_16:27:00
5.12,2.58,5.12,5.12,5.12,5.12,2021-04-07_16:27:01
5.12,2.43,5.12,5.12,5.12,5.12,2021-04-07_16:27:01
5.12,2.21,5.12,5.12,5.12,5.12,2021-04-07_16:27:01
5.12,2.08,5.12,5.12,5.12,5.12,2021-04-07_16:27:01
5.12,2.01,5.12,5.12,5.12,5.12,2021-04-07_16:27:01
5.12,1.93,5.12,5.12,5.12,5.12,2021-04-07_16:27:01
5.12,1.53,5.12,5.12,5.12,5.12,2021-04-07_16:27:01
5.12,1.4,5.12,5.12,5.12,5.12,2021-04-07_16:27:01
5.12,1.38,5.12,5.12,5.12,5.12,2021-04-07_16:27:01
5.12,1.38,5.12,5.12,5.12,5.12,2021-04-07_16:27:01
5.12,1.36,5.12,5.12,5.12,5.12,2021-04-07_16:27:01
5.12,0.23,5.12,5.12,5.12,5.12,2021-04-07_16:27:01
5.12,0.19,5.12,5.12,5.12,5.12,2021-04-07_16:27:01
5.12,0.18,5.12,5.12,5.12,5.12,2021-04-07_16:27:02
5.12,0.18,5.12,5.12,5.12,5.12,2021-04-07_16:27:02
5.12,0.18,5.12,5.12,5.12,5.12,2021-04-07_16:27:02
5.12,0.18,5.12,5.12,5.12,5.12,2021-04-07_16:27:02
5.12,0.18,5.12,5.12,5.12,5.12,2021-04-07_16:27:02
5.12,0.18,5.12,5.12,5.12,5.12,2021-04-07_16:27:02
5.12,0.18,5.12,5.12,5.12,5.12,2021-04-07_16:27:02
5.12,0.18,5.12,5.12,5.12,5.12,2021-04-07_16:27:02
5.12,0.18,5.12,5.12,5.12,5.12,2021-04-07_16:27:02
5.12,0.18,5.12,5.12,5.12,5.12,2021-04-07_16:27:02
5.12,0.18,5.12,5.12,5.12,5.12,2021-04-07_16:27:02
5.12,0.18,5.12,5.12,5.12,5.12,2021-04-07_16:27:02
5.12,0.18,5.12,5.12,5.12,5.12,2021-04-07_16:27:02
5.12,0.18,5.12,5.12,5.12,5.12,2021-04-07_16:27:02
5.12,0.18,5.12,5.12,5.12,5.12,2021-04-07_16:27:03
5.12,0.18,5.12,5.12,5.12,5.12,2021-04-07_16:27:03
5.12,0.18,5.12,5.12,5.12,5.12,2021-04-07_16:27:03
5.12,0.18,5.12,5.12,5.12,5.12,2021-04-07_16:27:03
5.12,0.18,5.12,5.12,5.12,5.12,2021-04-07_16:27:03
5.12,0.18,5.12,5.12,5.12,5.12,2021-04-07_16:27:03
5.12,0.17,5.12,5.12,5.12,5.12,2021-04-07_16:27:03
5.12,0.17,5.12,5.12,5.12,5.12,2021-04-07_16:27:03
5.12,0.18,5.12,5.12,5.12,5.12,2021-04-07_16:27:03
5.12,0.18,5.12,5.12,5.12,5.12,2021-04-07_16:27:03
5.12,0.17,5.12,5.12,5.12,5.12,2021-04-07_16:27:03
5.12,0.17,5.12,5.12,5.12,5.12,2021-04-07_16:27:03
5.12,0.18,5.12,5.12,5.12,5.12,2021-04-07_16:27:03
5.12,0.18,5.12,5.12,5.12,5.12,2021-04-07_16:27:04
5.12,0.17,5.12,5.12,5.12,5.12,2021-04-07_16:27:04
5.12,0.17,5.12,5.12,5.12,5.12,2021-04-07_16:27:04
5.12,0.18,5.12,5.12,5.12,5.12,2021-04-07_16:27:04
5.12,0.18,5.12,5.12,5.12,5.12,2021-04-07_16:27:04
5.12,0.17,5.12,5.12,5.12,5.12,2021-04-07_16:27:04
5.12,0.17,5.12,5.12,5.12,5.12,2021-04-07_16:27:04
5.12,0.18,5.12,5.12,5.12,5.12,2021-04-07_16:27:04
5.12,0.17,5.12,5.12,5.12,5.12,2021-04-07_16:27:04
5.12,0.17,5.12,5.12,5.12,5.12,2021-04-07_16:27:04
5.12,0.18,5.12,5.12,5.12,5.12,2021-04-07_16:27:04
5.12,0.18,5.12,5.12,5.12,5.12,2021-04-07_16:27:04
5.12,0.17,5.12,5.12,5.12,5.12,2021-04-07_16:27:04
5.12,0.17,5.12,5.12,5.12,5.12,2021-04-07_16:27:04
5.12,0.18,5.12,5.12,5.12,5.12,2021-04-07_16:27:05
5.12,0.18,5.12,5.12,5.12,5.12,2021-04-07_16:27:05
5.12,0.17,5.12,5.12,5.12,5.12,2021-04-07_16:27:05
5.12,0.17,5.12,5.12,5.12,5.12,2021-04-07_16:27:05
5.12,0.18,5.12,5.12,5.12,5.12,2021-04-07_16:27:05
5.12,0.18,5.12,5.12,5.12,5.12,2021-04-07_16:27:05
5.12,0.17,5.12,5.12,5.12,5.12,2021-04-07_16:27:05
5.12,0.17,5.12,5.12,5.12,5.12,2021-04-07_16:27:05
5.12,0.18,5.12,5.12,5.12,5.12,2021-04-07_16:27:05
5.12,0.17,5.12,5.12,5.12,5.12,2021-04-07_16:27:05
5.12,0.17,5.12,5.12,5.12,5.12,2021-04-07_16:27:05
5.12,0.17,5.12,5.12,5.12,5.12,2021-04-07_16:27:05
5.12,0.18,5.12,5.12,5.12,5.12,2021-04-07_16:27:05
5.12,0.17,5.12,5.12,5.12,5.12,2021-04-07_16:27:06
5.12,0.17,5.12,5.12,5.12,5.12,2021-04-07_16:27:06
5.12,0.18,5.12,5.12,5.12,5.12,2021-04-07_16:27:06
5.12,0.18,5.12,5.12,5.12,5.12,2021-04-07_16:27:06
5.12,0.17,5.12,5.12,5.12,5.12,2021-04-07_16:27:06
5.12,0.17,5.12,5.12,5.12,5.12,2021-04-07_16:27:06
5.12,0.18,5.12,5.12,5.12,5.12,2021-04-07_16:27:06
5.12,0.18,5.12,5.12,5.12,5.12,2021-04-07_16:27:06
5.12,0.17,5.12,5.12,5.12,5.12,2021-04-07_16:27:06
5.12,0.17,5.12,5.12,5.12,5.12,2021-04-07_16:27:06
5.12,0.18,5.12,5.12,5.12,5.12,2021-04-07_16:27:06
5.12,0.17,5.12,5.12,5.12,5.12,2021-04-07_16:27:06
5.12,0.17,5.12,5.12,5.12,5.12,2021-04-07_16:27:06
5.12,0.17,5.12,5.12,5.12,5.12,2021-04-07_16:27:07
5.12,0.18,5.12,5.12,5.12,5.12,2021-04-07_16:27:07
5.12,0.17,5.12,5.12,5.12,5.12,2021-04-07_16:27:07
5.12,0.17,5.12,5.12,5.12,5.12,2021-04-07_16:27:07
5.12,0.18,5.12,5.12,5.12,5.12,2021-04-07_16:27:07
5.12,0.18,5.12,5.12,5.12,5.12,2021-04-07_16:27:07
5.12,0.17,5.12,5.12,5.12,5.12,2021-04-07_16:27:07
5.12,0.17,5.12,5.12,5.12,5.12,2021-04-07_16:27:07
5.12,0.18,5.12,5.12,5.12,5.12,2021-04-07_16:27:07
5.12,0.18,5.12,5.12,5.12,5.12,2021-04-07_16:27:07
5.12,0.17,5.12,5.12,5.12,5.12,2021-04-07_16:27:07
5.12,0.17,5.12,5.12,5.12,5.12,2021-04-07_16:27:07
5.12,0.18,5.12,5.12,5.12,5.12,2021-04-07_16:27:07
5.12,0.18,5.12,5.12,5.12,5.12,2021-04-07_16:27:07
5.12,0.17,5.12,5.12,5.12,5.12,2021-04-07_16:27:08
5.12,0.17,5.12,5.12,5.12,5.12,2021-04-07_16:27:08
5.12,0.18,5.12,5.12,5.12,5.12,2021-04-07_16:27:08
5.12,0.17,5.12,5.12,5.12,5.12,2021-04-07_16:27:08
5.12,0.17,5.12,5.12,5.12,5.12,2021-04-07_16:27:08
5.12,0.18,5.12,5.12,5.12,5.12,2021-04-07_16:27:08
5.12,0.18,5.12,5.12,5.12,5.12,2021-04-07_16:27:08
5.12,0.17,5.12,5.12,5.12,5.12,2021-04-07_16:27:08
5.12,0.17,5.12,5.12,5.12,5.12,2021-04-07_16:27:08
5.12,0.18,5.12,5.12,5.12,5.12,2021-04-07_16:27:08
5.12,0.18,5.12,5.12,5.12,5.12,2021-04-07_16:27:08
5.12,0.17,5.12,5.12,5.12,5.12,2021-04-07_16:27:08
5.12,0.17,5.12,5.12,5.12,5.12,2021-04-07_16:27:08
5.12,0.18,5.12,5.12,5.12,5.12,2021-04-07_16:27:09
5.12,0.18,5.12,5.12,5.12,5.12,2021-04-07_16:27:09
5.12,0.17,5.12,5.12,5.12,5.12,2021-04-07_16:27:09
5.12,0.17,5.12,5.12,5.12,5.12,2021-04-07_16:27:09
5.12,0.18,5.12,5.12,5.12,5.12,2021-04-07_16:27:09
5.12,0.17,5.12,5.12,5.12,5.12,2021-04-07_16:27:09
5.12,0.17,5.12,5.12,5.12,5.12,2021-04-07_16:27:09
5.12,0.17,5.12,5.12,5.12,5.12,2021-04-07_16:27:09
5.12,0.18,5.12,5.12,5.12,5.12,2021-04-07_16:27:09
5.12,0.17,5.12,5.12,5.12,5.12,2021-04-07_16:27:09
5.12,0.17,5.12,5.12,5.12,5.12,2021-04-07_16:27:09
5.12,0.18,5.12,5.12,5.12,5.12,2021-04-07_16:27:09
5.12,0.18,5.12,5.12,5.12,5.12,2021-04-07_16:27:09
5.12,0.17,5.12,5.12,5.12,5.12,2021-04-07_16:27:09
5.12,0.17,5.12,5.12,5.12,5.12,2021-04-07_16:27:10
5.12,0.18,5.12,5.12,5.12,5.12,2021-04-07_16:27:10
5.12,0.18,5.12,5.12,5.12,5.12,2021-04-07_16:27:10
5.12,0.17,5.12,5.12,5.12,5.12,2021-04-07_16:27:10
5.12,0.17,5.12,5.12,5.12,5.12,2021-04-07_16:27:10
5.12,0.18,5.12,5.12,5.12,5.12,2021-04-07_16:27:10
5.12,0.18,5.12,5.12,5.12,5.12,2021-04-07_16:27:10
5.12,0.17,5.12,5.12,5.12,5.12,2021-04-07_16:27:10
5.12,0.17,5.12,5.12,5.12,5.12,2021-04-07_16:27:10
5.12,0.18,5.12,5.12,5.12,5.12,2021-04-07_16:27:10
5.12,0.17,5.12,5.12,5.12,5.12,2021-04-07_16:27:10
5.12,0.17,5.12,5.12,5.12,5.12,2021-04-07_16:27:10
5.12,0.18,5.12,5.12,5.12,5.12,2021-04-07_16:27:10
5.12,0.18,5.12,5.12,5.12,5.12,2021-04-07_16:27:11
5.12,0.17,5.12,5.12,5.12,5.12,2021-04-07_16:27:11
5.12,0.17,5.12,5.12,5.12,5.12,2021-04-07_16:27:11
5.12,0.18,5.12,5.12,5.12,5.12,2021-04-07_16:27:11
5.12,0.18,5.12,5.12,5.12,5.12,2021-04-07_16:27:11
5.12,0.17,5.12,5.12,5.12,5.12,2021-04-07_16:27:11
5.12,0.17,5.12,5.12,5.12,5.12,2021-04-07_16:27:11
5.12,0.18,5.12,5.12,5.12,5.12,2021-04-07_16:27:11
5.12,0.18,5.12,5.12,5.12,5.12,2021-04-07_16:27:11
5.12,0.17,5.12,5.12,5.12,5.12,2021-04-07_16:27:11
5.12,0.17,5.12,5.12,5.12,5.12,2021-04-07_16:27:11
5.12,0.18,5.12,5.12,5.12,5.12,2021-04-07_16:27:11
5.12,0.17,5.12,5.12,5.12,5.12,2021-04-07_16:27:11
5.12,0.17,5.12,5.12,5.12,5.12,2021-04-07_16:27:12
5.12,0.17,5.12,5.12,5.12,5.12,2021-04-07_16:27:12
5.12,0.18,5.12,5.12,5.12,5.12,2021-04-07_16:27:12
5.12,0.17,5.12,5.12,5.12,5.12,2021-04-07_16:27:12
5.12,0.17,5.12,5.12,5.12,5.12,2021-04-07_16:27:12
5.12,0.18,5.12,5.12,5.12,5.12,2021-04-07_16:27:12
5.12,0.18,5.12,5.12,5.12,5.12,2021-04-07_16:27:12
5.12,0.17,5.12,5.12,5.12,5.12,2021-04-07_16:27:12
5.12,0.17,5.12,5.12,5.12,5.12,2021-04-07_16:27:12
5.12,0.18,5.12,5.12,5.12,5.12,2021-04-07_16:27:12
5.12,0.18,5.12,5.12,5.12,5.12,2021-04-07_16:27:12
5.12,0.17,5.12,5.12,5.12,5.12,2021-04-07_16:27:12
5.12,0.17,5.12,5.12,5.12,5.12,2021-04-07_16:27:12
5.12,0.18,5.12,5.12,5.12,5.12,2021-04-07_16:27:12
5.12,0.18,5.12,5.12,5.12,5.12,2021-04-07_16:27:13
5.12,0.17,5.12,5.12,5.12,5.12,2021-04-07_16:27:13
5.12,0.17,5.12,5.12,5.12,5.12,2021-04-07_16:27:13
5.12,0.18,5.12,5.12,5.12,5.12,2021-04-07_16:27:13
5.12,0.17,5.12,5.12,5.12,5.12,2021-04-07_16:27:13
5.12,0.17,5.12,5.12,5.12,5.12,2021-04-07_16:27:13
5.12,0.18,5.12,5.12,5.12,5.12,2021-04-07_16:27:13
5.12,0.18,5.12,5.12,5.12,5.12,2021-04-07_16:27:13
5.12,0.17,5.12,5.12,5.12,5.12,2021-04-07_16:27:13
5.12,0.17,5.12,5.12,5.12,5.12,2021-04-07_16:27:13
5.12,0.18,5.12,5.12,5.12,5.12,2021-04-07_16:27:13
5.12,0.18,5.12,5.12,5.12,5.12,2021-04-07_16:27:13
5.12,0.17,5.12,5.12,5.12,5.12,2021-04-07_16:27:13
5.12,0.17,5.12,5.12,5.12,5.12,2021-04-07_16:27:14
5.12,0.18,5.12,5.12,5.12,5.12,2021-04-07_16:27:14
5.12,0.18,5.12,5.12,5.12,5.12,2021-04-07_16:27:14
5.12,0.17,5.12,5.12,5.12,5.12,2021-04-07_16:27:14
5.12,0.17,5.12,5.12,5.12,5.12,2021-04-07_16:27:14
5.12,0.18,5.12,5.12,5.12,5.12,2021-04-07_16:27:14
5.12,0.17,5.12,5.12,5.12,5.12,2021-04-07_16:27:14
5.12,0.17,5.12,5.12,5.12,5.12,2021-04-07_16:27:14
5.12,0.18,5.12,5.12,5.12,5.12,2021-04-07_16:27:14
5.12,0.18,5.12,5.12,5.12,5.12,2021-04-07_16:27:14
5.12,0.17,5.12,5.12,5.12,5.12,2021-04-07_16:27:14
5.12,0.17,5.12,5.12,5.12,5.12,2021-04-07_16:27:14
5.12,0.18,5.12,5.12,5.12,5.12,2021-04-07_16:27:14
5.12,0.18,5.12,5.12,5.12,5.12,2021-04-07_16:27:15
5.12,0.17,5.12,5.12,5.12,5.12,2021-04-07_16:27:15
5.12,0.17,5.12,5.12,5.12,5.12,2021-04-07_16:27:15
5.12,0.18,5.12,5.12,5.12,5.12,2021-04-07_16:27:15
5.12,0.18,5.12,5.12,5.12,5.12,2021-04-07_16:27:15
5.12,0.17,5.12,5.12,5.12,5.12,2021-04-07_16:27:15
5.12,0.17,5.12,5.12,5.12,5.12,2021-04-07_16:27:15
5.12,0.18,5.12,5.12,5.12,5.12,2021-04-07_16:27:15
5.12,0.17,5.12,5.12,5.12,5.12,2021-04-07_16:27:15
5.12,0.17,5.12,5.12,5.12,5.12,2021-04-07_16:27:15
5.12,0.17,5.12,5.12,5.12,5.12,2021-04-07_16:27:15
5.12,0.18,5.12,5.12,5.12,5.12,2021-04-07_16:27:15
5.12,0.17,5.12,5.12,5.12,5.12,2021-04-07_16:27:15
5.12,0.17,5.12,5.12,5.12,5.12,2021-04-07_16:27:15
5.12,0.18,5.12,5.12,5.12,5.12,2021-04-07_16:27:16
5.12,0.18,5.12,5.12,5.12,5.12,2021-04-07_16:27:16
5.12,0.17,5.12,5.12,5.12,5.12,2021-04-07_16:27:16
5.12,0.17,5.12,5.12,5.12,5.12,2021-04-07_16:27:16
5.12,0.18,5.12,5.12,5.12,5.12,2021-04-07_16:27:16
5.12,0.18,5.12,5.12,5.12,5.12,2021-04-07_16:27:16
5.12,0.17,5.12,5.12,5.12,5.12,2021-04-07_16:27:16
5.12,0.17,5.12,5.12,5.12,5.12,2021-04-07_16:27:16
5.12,0.18,5.12,5.12,5.12,5.12,2021-04-07_16:27:16
5.12,0.18,5.12,5.12,5.12,5.12,2021-04-07_16:27:16
5.12,0.17,5.12,5.12,5.12,5.12,2021-04-07_16:27:16
5.12,0.17,5.12,5.12,5.12,5.12,2021-04-07_16:27:16
5.12,0.18,5.12,5.12,5.12,5.12,2021-04-07_16:27:16
5.12,0.17,5.12,5.12,5.12,5.12,2021-04-07_16:27:17
5.12,0.17,5.12,5.12,5.12,5.12,2021-04-07_16:27:17
5.12,0.18,5.12,5.12,5.12,5.12,2021-04-07_16:27:17
5.12,0.18,5.12,5.12,5.12,5.12,2021-04-07_16:27:17
5.12,0.17,5.12,5.12,5.12,5.12,2021-04-07_16:27:17
5.12,0.17,5.12,5.12,5.12,5.12,2021-04-07_16:27:17
5.12,0.18,5.12,5.12,5.12,5.12,2021-04-07_16:27:17
5.12,0.18,5.12,5.12,5.12,5.12,2021-04-07_16:27:17
5.12,0.17,5.12,5.12,5.12,5.12,2021-04-07_16:27:17
5.12,0.17,5.12,5.12,5.12,5.12,2021-04-07_16:27:17
5.12,0.18,5.12,5.12,5.12,5.12,2021-04-07_16:27:17
5.12,0.18,5.12,5.12,5.12,5.12,2021-04-07_16:27:17
5.12,0.17,5.12,5.12,5.12,5.12,2021-04-07_16:27:17
5.12,0.17,5.12,5.12,5.12,5.12,2021-04-07_16:27:17
5.12,0.18,5.12,5.12,5.12,5.12,2021-04-07_16:27:18
5.12,0.17,5.12,5.12,5.12,5.12,2021-04-07_16:27:18
5.12,0.17,5.12,5.12,5.12,5.12,2021-04-07_16:27:18
5.12,0.17,5.12,5.12,5.12,5.12,2021-04-07_16:27:18
5.12,0.18,5.12,5.12,5.12,5.12,2021-04-07_16:27:18
5.12,0.17,5.12,5.12,5.12,5.12,2021-04-07_16:27:18
5.12,0.17,5.12,5.12,5.12,5.12,2021-04-07_16:27:18
5.12,0.17,5.12,5.12,5.12,5.12,2021-04-07_16:27:18
5.12,0.18,5.12,5.12,5.12,5.12,2021-04-07_16:27:18
5.12,0.17,5.12,5.12,5.12,5.12,2021-04-07_16:27:18
5.12,0.17,5.12,5.12,5.12,5.12,2021-04-07_16:27:18
5.12,0.18,5.12,5.12,5.12,5.12,2021-04-07_16:27:18
5.12,0.18,5.12,5.12,5.12,5.12,2021-04-07_16:27:18
5.12,0.17,5.12,5.12,5.12,5.12,2021-04-07_16:27:19
5.12,0.17,5.12,5.12,5.12,5.12,2021-04-07_16:27:19
5.12,0.18,5.12,5.12,5.12,5.12,2021-04-07_16:27:19
5.12,0.18,5.12,5.12,5.12,5.12,2021-04-07_16:27:19
5.12,0.17,5.12,5.12,5.12,5.12,2021-04-07_16:27:19
5.12,0.17,5.12,5.12,5.12,5.12,2021-04-07_16:27:19
5.12,0.18,5.12,5.12,5.12,5.12,2021-04-07_16:27:19
5.12,0.17,5.12,5.12,5.12,5.12,2021-04-07_16:27:19
5.12,0.17,5.12,5.12,5.12,5.12,2021-04-07_16:27:19
5.12,0.18,5.12,5.12,5.12,5.12,2021-04-07_16:27:19
5.12,0.18,5.12,5.12,5.12,5.12,2021-04-07_16:27:19
5.12,0.17,5.12,5.12,5.12,5.12,2021-04-07_16:27:19
5.12,0.17,5.12,5.12,5.12,5.12,2021-04-07_16:27:19
5.12,0.18,5.12,5.12,5.12,5.12,2021-04-07_16:27:20
5.12,0.18,5.12,5.12,5.12,5.12,2021-04-07_16:27:20
5.12,0.17,5.12,5.12,5.12,5.12,2021-04-07_16:27:20
5.12,0.17,5.12,5.12,5.12,5.12,2021-04-07_16:27:20
5.12,0.18,5.12,5.12,5.12,5.12,2021-04-07_16:27:20
5.12,0.18,5.12,5.12,5.12,5.12,2021-04-07_16:27:20
5.12,0.17,5.12,5.12,5.12,5.12,2021-04-07_16:27:20
5.12,0.17,5.12,5.12,5.12,5.12,2021-04-07_16:27:20
5.12,0.18,5.12,5.12,5.12,5.12,2021-04-07_16:27:20
5.12,0.17,5.12,5.12,5.12,5.12,2021-04-07_16:27:20
5.12,0.17,5.12,5.12,5.12,5.12,2021-04-07_16:27:20
5.12,0.17,5.12,5.12,5.12,5.12,2021-04-07_16:27:20
5.12,0.18,5.12,5.12,5.12,5.12,2021-04-07_16:27:20
5.12,0.17,5.12,5.12,5.12,5.12,2021-04-07_16:27:20
5.12,0.17,5.12,5.12,5.12,5.12,2021-04-07_16:27:21
5.12,0.18,5.12,5.12,5.12,5.12,2021-04-07_16:27:21
5.12,0.18,5.12,5.12,5.12,5.12,2021-04-07_16:27:21
5.12,0.17,5.12,5.12,5.12,5.12,2021-04-07_16:27:21
5.12,0.17,5.12,5.12,5.12,5.12,2021-04-07_16:27:21
5.12,0.18,5.12,5.12,5.12,5.12,2021-04-07_16:27:21
5.12,0.18,5.12,5.12,5.12,5.12,2021-04-07_16:27:21
5.12,0.18,5.12,5.12,5.12,5.12,2021-04-07_16:27:21
5.12,0.18,5.12,5.12,5.12,5.12,2021-04-07_16:27:21
5.12,0.18,5.12,5.12,5.12,5.12,2021-04-07_16:27:21
5.12,0.18,5.12,5.12,5.12,5.12,2021-04-07_16:27:21
5.12,0.18,5.12,5.12,5.12,5.12,2021-04-07_16:27:21
5.12,0.18,5.12,5.12,5.12,5.12,2021-04-07_16:27:21
5.12,0.18,5.12,5.12,5.12,5.12,2021-04-07_16:27:22
5.12,0.18,5.12,5.12,5.12,5.12,2021-04-07_16:27:22
5.12,0.18,5.12,5.12,5.12,5.12,2021-04-07_16:27:22
5.12,0.18,5.12,5.12,5.12,5.12,2021-04-07_16:27:22
5.12,0.18,5.12,5.12,5.12,5.12,2021-04-07_16:27:22
5.12,0.18,5.12,5.12,5.12,5.12,2021-04-07_16:27:22
5.12,0.18,5.12,5.12,5.12,5.12,2021-04-07_16:27:22
5.12,0.18,5.12,5.12,5.12,5.12,2021-04-07_16:27:22
5.12,0.18,5.12,5.12,5.12,5.12,2021-04-07_16:27:22
5.12,0.18,5.12,5.12,5.12,5.12,2021-04-07_16:27:22
5.12,0.18,5.12,5.12,5.12,5.12,2021-04-07_16:27:22
5.12,0.19,5.12,5.12,5.12,5.12,2021-04-07_16:27:22
5.12,0.19,5.12,5.12,5.12,5.12,2021-04-07_16:27:22
5.12,0.19,5.12,5.12,5.12,5.12,2021-04-07_16:27:22
5.12,0.2,5.12,5.12,5.12,5.12,2021-04-07_16:27:23
5.12,0.23,5.12,5.12,5.12,5.12,2021-04-07_16:27:23
5.12,0.24,5.12,5.12,5.12,5.12,2021-04-07_16:27:23
5.12,0.24,5.12,5.12,5.12,5.12,2021-04-07_16:27:23
5.12,0.24,5.12,5.12,5.12,5.12,2021-04-07_16:27:23
5.12,0.26,5.12,5.12,5.12,5.12,2021-04-07_16:27:23
5.12,0.36,5.12,5.12,5.12,5.12,2021-04-07_16:27:23
5.12,0.37,5.12,5.12,5.12,5.12,2021-04-07_16:27:23
5.12,0.36,5.12,5.12,5.12,5.12,2021-04-07_16:27:23
5.12,0.4,5.12,5.12,5.12,5.12,2021-04-07_16:27:23
5.12,0.56,5.12,5.12,5.12,5.12,2021-04-07_16:27:23
5.12,0.68,5.12,5.12,5.12,5.12,2021-04-07_16:27:23
5.12,0.74,5.12,5.12,5.12,5.12,2021-04-07_16:27:23
5.12,0.75,5.12,5.12,5.12,5.12,2021-04-07_16:27:24
5.12,0.81,5.12,5.12,5.12,5.12,2021-04-07_16:27:24
5.12,1.07,5.12,5.12,5.12,5.12,2021-04-07_16:27:24
5.12,1.2,5.12,5.12,5.12,5.12,2021-04-07_16:27:24
5.12,1.32,5.12,5.12,5.12,5.12,2021-04-07_16:27:24
5.12,1.42,5.12,5.12,5.12,5.12,2021-04-07_16:27:24
5.12,1.57,5.12,5.12,5.12,5.12,2021-04-07_16:27:24
5.12,1.77,5.12,5.12,5.12,5.12,2021-04-07_16:27:24
5.12,1.96,5.12,5.12,5.12,5.12,2021-04-07_16:27:24
5.12,2.07,5.12,5.12,5.12,5.12,2021-04-07_16:27:24
5.12,2.3,5.12,5.12,5.12,5.12,2021-04-07_16:27:24
5.12,2.54,5.12,5.12,5.12,5.12,2021-04-07_16:27:24
5.12,2.72,5.12,5.12,5.12,5.12,2021-04-07_16:27:24
5.12,2.9,5.12,5.12,5.12,5.12,2021-04-07_16:27:25
5.12,3.15,5.12,5.12,5.12,5.12,2021-04-07_16:27:25
5.12,3.31,5.12,5.12,5.12,5.12,2021-04-07_16:27:25
5.12,3.47,5.12,5.12,5.12,5.12,2021-04-07_16:27:25
5.12,3.71,5.12,5.12,5.12,5.12,2021-04-07_16:27:25
5.12,4.07,5.12,5.12,5.12,5.12,2021-04-07_16:27:25
5.12,4.52,5.12,5.12,5.12,5.12,2021-04-07_16:27:25
5.12,4.78,5.12,5.12,5.12,5.12,2021-04-07_16:27:25
5.12,4.95,5.12,5.12,5.12,5.12,2021-04-07_16:27:25
5.12,5.12,5.12,5.12,5.12,5.12,2021-04-07_16:27:25
5.12,5.12,5.12,5.12,5.12,5.12,2021-04-07_16:27:25
5.12,5.12,5.12,5.12,5.12,5.12,2021-04-07_16:27:25
5.12,5.12,5.12,5.12,5.12,5.12,2021-04-07_16:27:25
5.12,5.12,5.12,5.12,5.12,5.12,2021-04-07_16:27:25
5.12,5.12,5.12,5.12,5.12,5.12,2021-04-07_16:27:26
5.12,5.12,5.12,5.12,5.12,5.12,2021-04-07_16:27:26
5.12,5.12,5.12,5.12,5.12,5.12,2021-04-07_16:27:26
5.12,5.12,5.12,5.12,5.12,5.12,2021-04-07_16:27:26
5.12,5.12,5.12,5.12,5.12,5.12,2021-04-07_16:27:26
5.12,5.12,5.12,5.12,5.12,5.12,2021-04-07_16:27:26
5.12,5.12,5.12,5.12,5.12,5.12,2021-04-07_16:27:26
5.12,5.12,5.12,5.12,5.12,5.12,2021-04-07_16:27:26
5.12,5.12,5.12,5.12,5.12,5.12,2021-04-07_16:27:26
5.12,5.12,5.12,5.12,5.12,5.12,2021-04-07_16:27:26
5.12,5.12,5.12,5.12,5.12,5.12,2021-04-07_16:27:26
5.12,5.12,5.12,5.12,5.12,5.12,2021-04-07_16:27:26
5.12,5.12,5.12,5.12,5.12,5.12,2021-04-07_16:27:26
5.12,5.12,5.12,5.12,5.12,5.12,2021-04-07_16:27:27
5.12,5.12,5.12,5.12,5.12,5.12,2021-04-07_16:27:27
5.12,5.12,5.12,5.12,5.12,5.12,2021-04-07_16:27:27
5.12,5.12,5.12,5.12,5.12,5.12,2021-04-07_16:27:27
5.12,5.12,5.12,5.12,5.12,5.12,2021-04-07_16:27:27
5.12,5.12,5.12,5.12,5.12,5.12,2021-04-07_16:27:27
5.12,5.12,5.12,5.12,5.12,5.12,2021-04-07_16:27:27
5.12,5.12,5.12,5.12,5.12,5.12,2021-04-07_16:27:27
5.12,5.12,5.12,5.12,5.12,5.12,2021-04-07_16:27:27
5.12,5.12,5.12,5.12,5.12,5.12,2021-04-07_16:27:27
5.12,5.12,5.12,5.12,5.12,5.12,2021-04-07_16:27:27
5.12,5.12,5.12,5.12,5.12,5.12,2021-04-07_16:27:27
5.12,5.12,5.12,5.12,5.12,5.12,2021-04-07_16:27:27
5.12,5.12,5.12,5.12,5.12,5.12,2021-04-07_16:27:28
5.12,5.12,5.12,5.12,5.12,5.12,2021-04-07_16:27:28
5.12,5.12,5.12,5.12,5.12,5.12,2021-04-07_16:27:28
5.12,5.12,5.12,5.12,5.12,5.12,2021-04-07_16:27:28
5.12,5.12,5.12,5.12,5.12,5.12,2021-04-07_16:27:28
5.12,5.12,5.12,5.12,5.12,5.12,2021-04-07_16:27:28
5.12,5.12,5.12,5.12,5.12,5.12,2021-04-07_16:27:28
5.12,5.12,5.12,5.12,5.12,5.12,2021-04-07_16:27:28
5.12,5.12,5.12,5.12,5.12,5.12,2021-04-07_16:27:28
5.12,5.12,5.12,5.12,5.12,5.12,2021-04-07_16:27:28
5.12,5.12,5.12,5.12,5.12,5.12,2021-04-07_16:27:28
5.12,5.12,5.12,5.12,5.12,5.12,2021-04-07_16:27:28
5.12,5.12,5.12,5.12,5.12,5.12,2021-04-07_16:27:28
5.12,5.12,5.12,5.12,5.12,5.12,2021-04-07_16:27:28
5.12,5.12,5.12,5.12,5.12,5.12,2021-04-07_16:27:29
5.12,5.12,5.12,5.12,5.12,5.12,2021-04-07_16:27:29
5.12,5.12,5.12,5.12,5.12,5.12,2021-04-07_16:27:29
5.12,5.12,5.12,5.12,5.12,5.12,2021-04-07_16:27:29
5.12,5.12,5.12,5.12,5.12,5.12,2021-04-07_16:27:29
5.12,5.12,5.12,5.12,5.12,5.12,2021-04-07_16:27:29
5.12,5.12,5.12,5.12,5.12,5.12,2021-04-07_16:27:29
5.12,5.12,5.12,5.12,5.12,5.12,2021-04-07_16:27:29
5.12,5.12,5.12,5.12,5.12,5.12,2021-04-07_16:27:29
5.12,5.12,5.12,5.12,5.12,5.12,2021-04-07_16:27:29
5.12,5.12,5.12,5.12,5.12,5.12,2021-04-07_16:27:29
5.12,5.12,5.12,5.12,5.12,5.12,2021-04-07_16:27:29
5.12,5.12,5.12,5.12,5.12,5.12,2021-04-07_16:27:29
5.12,5.12,5.12,5.12,5.12,5.12,2021-04-07_16:27:30
5.12,5.12,5.12,5.12,5.12,5.12,2021-04-07_16:27:30
5.12,5.12,5.12,5.12,5.12,5.12,2021-04-07_16:27:30
5.12,5.02,5.12,5.12,5.12,5.12,2021-04-07_16:27:30
5.12,4.72,5.12,5.12,5.12,5.12,2021-04-07_16:27:30
5.12,4.39,5.12,5.12,5.12,5.12,2021-04-07_16:27:30
5.12,4.09,5.12,5.12,5.12,5.12,2021-04-07_16:27:30
5.12,3.75,5.12,5.12,5.12,5.12,2021-04-07_16:27:30
5.12,3.47,5.12,5.12,5.12,5.12,2021-04-07_16:27:30
5.12,3.2,5.12,5.12,5.12,5.12,2021-04-07_16:27:30
5.12,2.99,5.12,5.12,5.12,5.12,2021-04-07_16:27:30
5.12,2.81,5.12,5.12,5.12,5.12,2021-04-07_16:27:30
5.12,2.52,5.12,5.12,5.12,5.12,2021-04-07_16:27:30
5.12,2.0,5.12,5.12,5.12,5.12,2021-04-07_16:27:30
5.12,1.79,5.12,5.12,5.12,5.12,2021-04-07_16:27:31
5.12,1.68,5.12,5.12,5.12,5.12,2021-04-07_16:27:31
5.12,1.56,5.12,5.12,5.12,5.12,2021-04-07_16:27:31
5.12,1.38,5.12,5.12,5.12,5.12,2021-04-07_16:27:31
5.12,0.65,5.12,5.12,5.12,5.12,2021-04-07_16:27:31
5.12,0.55,5.12,5.12,5.12,5.12,2021-04-07_16:27:31
5.12,0.53,5.12,5.12,5.12,5.12,2021-04-07_16:27:31
5.12,0.52,5.12,5.12,5.12,5.12,2021-04-07_16:27:31
5.12,0.3,5.12,5.12,5.12,5.12,2021-04-07_16:27:31
5.12,0.22,5.12,5.12,5.12,5.12,2021-04-07_16:27:31
5.12,0.21,5.12,5.12,5.12,5.12,2021-04-07_16:27:31
5.12,0.2,5.12,5.12,5.12,5.12,2021-04-07_16:27:31
5.12,0.18,5.12,5.12,5.12,5.12,2021-04-07_16:27:31
5.12,0.18,5.12,5.12,5.12,5.12,2021-04-07_16:27:32
5.12,0.18,5.12,5.12,5.12,5.12,2021-04-07_16:27:32
5.12,0.18,5.12,5.12,5.12,5.12,2021-04-07_16:27:32
5.12,0.18,5.12,5.12,5.12,5.12,2021-04-07_16:27:32
5.12,0.18,5.12,5.12,5.12,5.12,2021-04-07_16:27:32
5.12,0.18,5.12,5.12,5.12,5.12,2021-04-07_16:27:32
5.12,0.18,5.12,5.12,5.12,5.12,2021-04-07_16:27:32
5.12,0.18,5.12,5.12,5.12,5.12,2021-04-07_16:27:32
5.12,0.18,5.12,5.12,5.12,5.12,2021-04-07_16:27:32
5.12,0.18,5.12,5.12,5.12,5.12,2021-04-07_16:27:32
5.12,0.18,5.12,5.12,5.12,5.12,2021-04-07_16:27:32
5.12,0.18,5.12,5.12,5.12,5.12,2021-04-07_16:27:32
5.12,0.18,5.12,5.12,5.12,5.12,2021-04-07_16:27:32
5.12,0.18,5.12,5.12,5.12,5.12,2021-04-07_16:27:33
5.12,0.18,5.12,5.12,5.12,5.12,2021-04-07_16:27:33
5.12,0.18,5.12,5.12,5.12,5.12,2021-04-07_16:27:33
5.12,0.18,5.12,5.12,5.12,5.12,2021-04-07_16:27:33
5.12,0.18,5.12,5.12,5.12,5.12,2021-04-07_16:27:33
5.12,0.18,5.12,5.12,5.12,5.12,2021-04-07_16:27:33
5.12,0.17,5.12,5.12,5.12,5.12,2021-04-07_16:27:33
5.12,0.17,5.12,5.12,5.12,5.12,2021-04-07_16:27:33
5.12,0.18,5.12,5.12,5.12,5.12,2021-04-07_16:27:33
5.12,0.18,5.12,5.12,5.12,5.12,2021-04-07_16:27:33
5.12,0.17,5.12,5.12,5.12,5.12,2021-04-07_16:27:33
5.12,0.17,5.12,5.12,5.12,5.12,2021-04-07_16:27:33
5.12,0.18,5.12,5.12,5.12,5.12,2021-04-07_16:27:33
5.12,0.18,5.12,5.12,5.12,5.12,2021-04-07_16:27:33
5.12,0.17,5.12,5.12,5.12,5.12,2021-04-07_16:27:34
5.12,0.17,5.12,5.12,5.12,5.12,2021-04-07_16:27:34
5.12,0.18,5.12,5.12,5.12,5.12,2021-04-07_16:27:34
5.12,0.17,5.12,5.12,5.12,5.12,2021-04-07_16:27:34
5.12,0.17,5.12,5.12,5.12,5.12,2021-04-07_16:27:34
5.12,0.17,5.12,5.12,5.12,5.12,2021-04-07_16:27:34
5.12,0.18,5.12,5.12,5.12,5.12,2021-04-07_16:27:34
5.12,0.17,5.12,5.12,5.12,5.12,2021-04-07_16:27:34
5.12,0.17,5.12,5.12,5.12,5.12,2021-04-07_16:27:34
5.12,0.18,5.12,5.12,5.12,5.12,2021-04-07_16:27:34
5.12,0.18,5.12,5.12,5.12,5.12,2021-04-07_16:27:34
5.12,0.17,5.12,5.12,5.12,5.12,2021-04-07_16:27:34
5.12,0.17,5.12,5.12,5.12,5.12,2021-04-07_16:27:34
5.12,0.18,5.12,5.12,5.12,5.12,2021-04-07_16:27:35
5.12,0.18,5.12,5.12,5.12,5.12,2021-04-07_16:27:35
5.12,0.17,5.12,5.12,5.12,5.12,2021-04-07_16:27:35
5.12,0.17,5.12,5.12,5.12,5.12,2021-04-07_16:27:35
5.12,0.18,5.12,5.12,5.12,5.12,2021-04-07_16:27:35
5.12,0.18,5.12,5.12,5.12,5.12,2021-04-07_16:27:35
5.12,0.17,5.12,5.12,5.12,5.12,2021-04-07_16:27:35
5.12,0.17,5.12,5.12,5.12,5.12,2021-04-07_16:27:35
5.12,0.18,5.12,5.12,5.12,5.12,2021-04-07_16:27:35
5.12,0.17,5.12,5.12,5.12,5.12,2021-04-07_16:27:35
5.12,0.17,5.12,5.12,5.12,5.12,2021-04-07_16:27:35
5.12,0.17,5.12,5.12,5.12,5.12,2021-04-07_16:27:35
5.12,0.18,5.12,5.12,5.12,5.12,2021-04-07_16:27:35
5.12,0.17,5.12,5.12,5.12,5.12,2021-04-07_16:27:36
5.12,0.17,5.12,5.12,5.12,5.12,2021-04-07_16:27:36
5.12,0.18,5.12,5.12,5.12,5.12,2021-04-07_16:27:36
5.12,0.18,5.12,5.12,5.12,5.12,2021-04-07_16:27:36
5.12,0.17,5.12,5.12,5.12,5.12,2021-04-07_16:27:36
5.12,0.17,5.12,5.12,5.12,5.12,2021-04-07_16:27:36
5.12,0.18,5.12,5.12,5.12,5.12,2021-04-07_16:27:36
5.12,0.18,5.12,5.12,5.12,5.12,2021-04-07_16:27:36
5.12,0.17,5.12,5.12,5.12,5.12,2021-04-07_16:27:36
5.12,0.17,5.12,5.12,5.12,5.12,2021-04-07_16:27:36
5.12,0.18,5.12,5.12,5.12,5.12,2021-04-07_16:27:36
5.12,0.18,5.12,5.12,5.12,5.12,2021-04-07_16:27:36
5.12,0.17,5.12,5.12,5.12,5.12,2021-04-07_16:27:36
5.12,0.17,5.12,5.12,5.12,5.12,2021-04-07_16:27:36
5.12,0.17,5.12,5.12,5.12,5.12,2021-04-07_16:27:37
5.12,0.17,5.12,5.12,5.12,5.12,2021-04-07_16:27:37
5.12,0.17,5.12,5.12,5.12,5.12,2021-04-07_16:27:37
5.12,0.17,5.12,5.12,5.12,5.12,2021-04-07_16:27:37
5.12,0.18,5.12,5.12,5.12,5.12,2021-04-07_16:27:37
5.12,0.17,5.12,5.12,5.12,5.12,2021-04-07_16:27:37
5.12,0.17,5.12,5.12,5.12,5.12,2021-04-07_16:27:37
5.12,0.18,5.12,5.12,5.12,5.12,2021-04-07_16:27:37
5.12,0.18,5.12,5.12,5.12,5.12,2021-04-07_16:27:37
5.12,0.17,5.12,5.12,5.12,5.12,2021-04-07_16:27:37
5.12,0.17,5.12,5.12,5.12,5.12,2021-04-07_16:27:37
5.12,0.18,5.12,5.12,5.12,5.12,2021-04-07_16:27:37
5.12,0.18,5.12,5.12,5.12,5.12,2021-04-07_16:27:37
5.12,0.17,5.12,5.12,5.12,5.12,2021-04-07_16:27:38
5.12,0.17,5.12,5.12,5.12,5.12,2021-04-07_16:27:38
5.12,0.17,5.12,5.12,5.12,5.12,2021-04-07_16:27:38
5.12,0.18,5.12,5.12,5.12,5.12,2021-04-07_16:27:38
5.12,0.17,5.12,5.12,5.12,5.12,2021-04-07_16:27:38
5.12,0.17,5.12,5.12,5.12,5.12,2021-04-07_16:27:38
5.12,0.18,5.12,5.12,5.12,5.12,2021-04-07_16:27:38
5.12,0.17,5.12,5.12,5.12,5.12,2021-04-07_16:27:38
5.12,0.17,5.12,5.12,5.12,5.12,2021-04-07_16:27:38
5.12,0.17,5.12,5.12,5.12,5.12,2021-04-07_16:27:38
5.12,0.18,5.12,5.12,5.12,5.12,2021-04-07_16:27:38
5.12,0.17,5.12,5.12,5.12,5.12,2021-04-07_16:27:38
5.12,0.17,5.12,5.12,5.12,5.12,2021-04-07_16:27:38
5.12,0.17,5.12,5.12,5.12,5.12,2021-04-07_16:27:38
5.12,0.18,5.12,5.12,5.12,5.12,2021-04-07_16:27:39
5.12,0.17,5.12,5.12,5.12,5.12,2021-04-07_16:27:39
5.12,0.17,5.12,5.12,5.12,5.12,2021-04-07_16:27:39
5.12,0.18,5.12,5.12,5.12,5.12,2021-04-07_16:27:39
5.12,0.18,5.12,5.12,5.12,5.12,2021-04-07_16:27:39
5.12,0.17,5.12,5.12,5.12,5.12,2021-04-07_16:27:39
5.12,0.17,5.12,5.12,5.12,5.12,2021-04-07_16:27:39
5.12,0.18,5.12,5.12,5.12,5.12,2021-04-07_16:27:39
5.12,0.18,5.12,5.12,5.12,5.12,2021-04-07_16:27:39
5.12,0.17,5.12,5.12,5.12,5.12,2021-04-07_16:27:39
5.12,0.17,5.12,5.12,5.12,5.12,2021-04-07_16:27:39
5.12,0.18,5.12,5.12,5.12,5.12,2021-04-07_16:27:39
5.12,0.17,5.12,5.12,5.12,5.12,2021-04-07_16:27:39
5.12,0.17,5.12,5.12,5.12,5.12,2021-04-07_16:27:40
5.12,0.17,5.12,5.12,5.12,5.12,2021-04-07_16:27:40
5.12,0.18,5.12,5.12,5.12,5.12,2021-04-07_16:27:40
5.12,0.17,5.12,5.12,5.12,5.12,2021-04-07_16:27:40
5.12,0.17,5.12,5.12,5.12,5.12,2021-04-07_16:27:40
5.12,0.18,5.12,5.12,5.12,5.12,2021-04-07_16:27:40
5.12,0.18,5.12,5.12,5.12,5.12,2021-04-07_16:27:40
5.12,0.17,5.12,5.12,5.12,5.12,2021-04-07_16:27:40
5.12,0.17,5.12,5.12,5.12,5.12,2021-04-07_16:27:40
5.12,0.18,5.12,5.12,5.12,5.12,2021-04-07_16:27:40
5.12,0.18,5.12,5.12,5.12,5.12,2021-04-07_16:27:40
5.12,0.17,5.12,5.12,5.12,5.12,2021-04-07_16:27:40
5.12,0.17,5.12,5.12,5.12,5.12,2021-04-07_16:27:40
5.12,0.18,5.12,5.12,5.12,5.12,2021-04-07_16:27:41
5.12,0.18,5.12,5.12,5.12,5.12,2021-04-07_16:27:41
5.12,0.17,5.12,5.12,5.12,5.12,2021-04-07_16:27:41
5.12,0.17,5.12,5.12,5.12,5.12,2021-04-07_16:27:41
5.12,0.18,5.12,5.12,5.12,5.12,2021-04-07_16:27:41
5.12,0.18,5.12,5.12,5.12,5.12,2021-04-07_16:27:41
5.12,0.17,5.12,5.12,5.12,5.12,2021-04-07_16:27:41
5.12,0.17,5.12,5.12,5.12,5.12,2021-04-07_16:27:41
5.12,0.18,5.12,5.12,5.12,5.12,2021-04-07_16:27:41
5.12,0.17,5.12,5.12,5.12,5.12,2021-04-07_16:27:41
5.12,0.17,5.12,5.12,5.12,5.12,2021-04-07_16:27:41
5.12,0.17,5.12,5.12,5.12,5.12,2021-04-07_16:27:41
5.12,0.18,5.12,5.12,5.12,5.12,2021-04-07_16:27:41
5.12,0.17,5.12,5.12,5.12,5.12,2021-04-07_16:27:41
5.12,0.17,5.12,5.12,5.12,5.12,2021-04-07_16:27:42
5.12,0.18,5.12,5.12,5.12,5.12,2021-04-07_16:27:42
5.12,0.18,5.12,5.12,5.12,5.12,2021-04-07_16:27:42
5.12,0.17,5.12,5.12,5.12,5.12,2021-04-07_16:27:42
5.12,0.17,5.12,5.12,5.12,5.12,2021-04-07_16:27:42
5.12,0.18,5.12,5.12,5.12,5.12,2021-04-07_16:27:42
5.12,0.18,5.12,5.12,5.12,5.12,2021-04-07_16:27:42
5.12,0.17,5.12,5.12,5.12,5.12,2021-04-07_16:27:42
5.12,0.17,5.12,5.12,5.12,5.12,2021-04-07_16:27:42
5.12,0.18,5.12,5.12,5.12,5.12,2021-04-07_16:27:42
5.12,0.18,5.12,5.12,5.12,5.12,2021-04-07_16:27:42
5.12,0.17,5.12,5.12,5.12,5.12,2021-04-07_16:27:42
5.12,0.17,5.12,5.12,5.12,5.12,2021-04-07_16:27:42
5.12,0.18,5.12,5.12,5.12,5.12,2021-04-07_16:27:43
5.12,0.17,5.12,5.12,5.12,5.12,2021-04-07_16:27:43
5.12,0.17,5.12,5.12,5.12,5.12,2021-04-07_16:27:43
5.12,0.17,5.12,5.12,5.12,5.12,2021-04-07_16:27:43
5.12,0.18,5.12,5.12,5.12,5.12,2021-04-07_16:27:43
5.12,0.17,5.12,5.12,5.12,5.12,2021-04-07_16:27:43
5.12,0.17,5.12,5.12,5.12,5.12,2021-04-07_16:27:43
5.12,0.18,5.12,5.12,5.12,5.12,2021-04-07_16:27:43
5.12,0.18,5.12,5.12,5.12,5.12,2021-04-07_16:27:43
5.12,0.17,5.12,5.12,5.12,5.12,2021-04-07_16:27:43
5.12,0.17,5.12,5.12,5.12,5.12,2021-04-07_16:27:43
5.12,0.18,5.12,5.12,5.12,5.12,2021-04-07_16:27:43
5.12,0.18,5.12,5.12,5.12,5.12,2021-04-07_16:27:43
5.12,0.17,5.12,5.12,5.12,5.12,2021-04-07_16:27:44
5.12,0.17,5.12,5.12,5.12,5.12,2021-04-07_16:27:44
5.12,0.18,5.12,5.12,5.12,5.12,2021-04-07_16:27:44
5.12,0.18,5.12,5.12,5.12,5.12,2021-04-07_16:27:44
5.12,0.17,5.12,5.12,5.12,5.12,2021-04-07_16:27:44
5.12,0.17,5.12,5.12,5.12,5.12,2021-04-07_16:27:44
5.12,0.18,5.12,5.12,5.12,5.12,2021-04-07_16:27:44
5.12,0.17,5.12,5.12,5.12,5.12,2021-04-07_16:27:44
5.12,0.17,5.12,5.12,5.12,5.12,2021-04-07_16:27:44
5.12,0.17,5.12,5.12,5.12,5.12,2021-04-07_16:27:44
5.12,0.18,5.12,5.12,5.12,5.12,2021-04-07_16:27:44
5.12,0.17,5.12,5.12,5.12,5.12,2021-04-07_16:27:44
5.12,0.17,5.12,5.12,5.12,5.12,2021-04-07_16:27:44
5.12,0.18,5.12,5.12,5.12,5.12,2021-04-07_16:27:44
5.12,0.18,5.12,5.12,5.12,5.12,2021-04-07_16:27:45
5.12,0.17,5.12,5.12,5.12,5.12,2021-04-07_16:27:45
5.12,0.17,5.12,5.12,5.12,5.12,2021-04-07_16:27:45
5.12,0.18,5.12,5.12,5.12,5.12,2021-04-07_16:27:45
5.12,0.18,5.12,5.12,5.12,5.12,2021-04-07_16:27:45
5.12,0.17,5.12,5.12,5.12,5.12,2021-04-07_16:27:45
5.12,0.17,5.12,5.12,5.12,5.12,2021-04-07_16:27:45
5.12,0.18,5.12,5.12,5.12,5.12,2021-04-07_16:27:45
5.12,0.18,5.12,5.12,5.12,5.12,2021-04-07_16:27:45
5.12,0.17,5.12,5.12,5.12,5.12,2021-04-07_16:27:45
5.12,0.17,5.12,5.12,5.12,5.12,2021-04-07_16:27:45
5.12,0.18,5.12,5.12,5.12,5.12,2021-04-07_16:27:45
5.12,0.17,5.12,5.12,5.12,5.12,2021-04-07_16:27:45
5.12,0.17,5.12,5.12,5.12,5.12,2021-04-07_16:27:46
5.12,0.17,5.12,5.12,5.12,5.12,2021-04-07_16:27:46
5.12,0.18,5.12,5.12,5.12,5.12,2021-04-07_16:27:46
5.12,0.17,5.12,5.12,5.12,5.12,2021-04-07_16:27:46
5.12,0.17,5.12,5.12,5.12,5.12,2021-04-07_16:27:46
5.12,0.17,5.12,5.12,5.12,5.12,2021-04-07_16:27:46
5.12,0.18,5.12,5.12,5.12,5.12,2021-04-07_16:27:46
5.12,0.17,5.12,5.12,5.12,5.12,2021-04-07_16:27:46
5.12,0.17,5.12,5.12,5.12,5.12,2021-04-07_16:27:46
5.12,0.18,5.12,5.12,5.12,5.12,2021-04-07_16:27:46
5.12,0.18,5.12,5.12,5.12,5.12,2021-04-07_16:27:46
5.12,0.17,5.12,5.12,5.12,5.12,2021-04-07_16:27:46
5.12,0.17,5.12,5.12,5.12,5.12,2021-04-07_16:27:46
5.12,0.18,5.12,5.12,5.12,5.12,2021-04-07_16:27:46
5.12,0.18,5.12,5.12,5.12,5.12,2021-04-07_16:27:47
5.12,0.17,5.12,5.12,5.12,5.12,2021-04-07_16:27:47
5.12,0.17,5.12,5.12,5.12,5.12,2021-04-07_16:27:47
5.12,0.18,5.12,5.12,5.12,5.12,2021-04-07_16:27:47
5.12,0.17,5.12,5.12,5.12,5.12,2021-04-07_16:27:47
5.12,0.17,5.12,5.12,5.12,5.12,2021-04-07_16:27:47
5.12,0.17,5.12,5.12,5.12,5.12,2021-04-07_16:27:47
5.12,0.18,5.12,5.12,5.12,5.12,2021-04-07_16:27:47
5.12,0.17,5.12,5.12,5.12,5.12,2021-04-07_16:27:47
5.12,0.17,5.12,5.12,5.12,5.12,2021-04-07_16:27:47
5.12,0.18,5.12,5.12,5.12,5.12,2021-04-07_16:27:47
5.12,0.18,5.12,5.12,5.12,5.12,2021-04-07_16:27:47
5.12,0.17,5.12,5.12,5.12,5.12,2021-04-07_16:27:47
5.12,0.17,5.12,5.12,5.12,5.12,2021-04-07_16:27:48
5.12,0.18,5.12,5.12,5.12,5.12,2021-04-07_16:27:48
5.12,0.18,5.12,5.12,5.12,5.12,2021-04-07_16:27:48
5.12,0.17,5.12,5.12,5.12,5.12,2021-04-07_16:27:48
5.12,0.17,5.12,5.12,5.12,5.12,2021-04-07_16:27:48
5.12,0.18,5.12,5.12,5.12,5.12,2021-04-07_16:27:48
5.12,0.18,5.12,5.12,5.12,5.12,2021-04-07_16:27:48
5.12,0.17,5.12,5.12,5.12,5.12,2021-04-07_16:27:48
5.12,0.17,5.12,5.12,5.12,5.12,2021-04-07_16:27:48
5.12,0.18,5.12,5.12,5.12,5.12,2021-04-07_16:27:48
5.12,0.17,5.12,5.12,5.12,5.12,2021-04-07_16:27:48
5.12,0.17,5.12,5.12,5.12,5.12,2021-04-07_16:27:48
5.12,0.17,5.12,5.12,5.12,5.12,2021-04-07_16:27:48
5.12,0.18,5.12,5.12,5.12,5.12,2021-04-07_16:27:49
5.12,0.17,5.12,5.12,5.12,5.12,2021-04-07_16:27:49
5.12,0.17,5.12,5.12,5.12,5.12,2021-04-07_16:27:49
5.12,0.18,5.12,5.12,5.12,5.12,2021-04-07_16:27:49
5.12,0.18,5.12,5.12,5.12,5.12,2021-04-07_16:27:49
5.12,0.17,5.12,5.12,5.12,5.12,2021-04-07_16:27:49
5.12,0.17,5.12,5.12,5.12,5.12,2021-04-07_16:27:49
5.12,0.18,5.12,5.12,5.12,5.12,2021-04-07_16:27:49
5.12,0.18,5.12,5.12,5.12,5.12,2021-04-07_16:27:49
5.12,0.17,5.12,5.12,5.12,5.12,2021-04-07_16:27:49
5.12,0.17,5.12,5.12,5.12,5.12,2021-04-07_16:27:49
5.12,0.18,5.12,5.12,5.12,5.12,2021-04-07_16:27:49
5.12,0.18,5.12,5.12,5.12,5.12,2021-04-07_16:27:49
5.12,0.17,5.12,5.12,5.12,5.12,2021-04-07_16:27:49
5.12,0.17,5.12,5.12,5.12,5.12,2021-04-07_16:27:50
5.12,0.18,5.12,5.12,5.12,5.12,2021-04-07_16:27:50
5.12,0.17,5.12,5.12,5.12,5.12,2021-04-07_16:27:50
5.12,0.17,5.12,5.12,5.12,5.12,2021-04-07_16:27:50
5.12,0.17,5.12,5.12,5.12,5.12,2021-04-07_16:27:50
5.12,0.18,5.12,5.12,5.12,5.12,2021-04-07_16:27:50
5.12,0.17,5.12,5.12,5.12,5.12,2021-04-07_16:27:50
5.12,0.17,5.12,5.12,5.12,5.12,2021-04-07_16:27:50
5.12,0.18,5.12,5.12,5.12,5.12,2021-04-07_16:27:50
5.12,0.18,5.12,5.12,5.12,5.12,2021-04-07_16:27:50
5.12,0.17,5.12,5.12,5.12,5.12,2021-04-07_16:27:50
5.12,0.17,5.12,5.12,5.12,5.12,2021-04-07_16:27:50
5.12,0.18,5.12,5.12,5.12,5.12,2021-04-07_16:27:50
5.12,0.18,5.12,5.12,5.12,5.12,2021-04-07_16:27:51
5.12,0.17,5.12,5.12,5.12,5.12,2021-04-07_16:27:51
5.12,0.17,5.12,5.12,5.12,5.12,2021-04-07_16:27:51
5.12,0.18,5.12,5.12,5.12,5.12,2021-04-07_16:27:51
5.12,0.18,5.12,5.12,5.12,5.12,2021-04-07_16:27:51
5.12,0.18,5.12,5.12,5.12,5.12,2021-04-07_16:27:51
5.12,0.18,5.12,5.12,5.12,5.12,2021-04-07_16:27:51
5.12,0.18,5.12,5.12,5.12,5.12,2021-04-07_16:27:51
5.12,0.18,5.12,5.12,5.12,5.12,2021-04-07_16:27:51
5.12,0.18,5.12,5.12,5.12,5.12,2021-04-07_16:27:51
5.12,0.18,5.12,5.12,5.12,5.12,2021-04-07_16:27:51
5.12,0.18,5.12,5.12,5.12,5.12,2021-04-07_16:27:51
5.12,0.18,5.12,5.12,5.12,5.12,2021-04-07_16:27:51
5.12,0.18,5.12,5.12,5.12,5.12,2021-04-07_16:27:51
5.12,0.18,5.12,5.12,5.12,5.12,2021-04-07_16:27:52
5.12,0.18,5.12,5.12,5.12,5.12,2021-04-07_16:27:52
5.12,0.18,5.12,5.12,5.12,5.12,2021-04-07_16:27:52
5.12,0.18,5.12,5.12,5.12,5.12,2021-04-07_16:27:52
5.12,0.18,5.12,5.12,5.12,5.12,2021-04-07_16:27:52
5.12,0.18,5.12,5.12,5.12,5.12,2021-04-07_16:27:52
5.12,0.18,5.12,5.12,5.12,5.12,2021-04-07_16:27:52
5.12,0.18,5.12,5.12,5.12,5.12,2021-04-07_16:27:52
5.12,0.18,5.12,5.12,5.12,5.12,2021-04-07_16:27:52
5.12,0.19,5.12,5.12,5.12,5.12,2021-04-07_16:27:52
5.12,0.19,5.12,5.12,5.12,5.12,2021-04-07_16:27:52
5.12,0.19,5.12,5.12,5.12,5.12,2021-04-07_16:27:52
5.12,0.19,5.12,5.12,5.12,5.12,2021-04-07_16:27:52
5.12,0.19,5.12,5.12,5.12,5.12,2021-04-07_16:27:53
5.12,0.19,5.12,5.12,5.12,5.12,2021-04-07_16:27:53
5.12,0.19,5.12,5.12,5.12,5.12,2021-04-07_16:27:53
5.12,0.19,5.12,5.12,5.12,5.12,2021-04-07_16:27:53
5.12,0.19,5.12,5.12,5.12,5.12,2021-04-07_16:27:53
5.12,0.19,5.12,5.12,5.12,5.12,2021-04-07_16:27:53
5.12,0.19,5.12,5.12,5.12,5.12,2021-04-07_16:27:53
5.12,0.19,5.12,5.12,5.12,5.12,2021-04-07_16:27:53
5.12,0.19,5.12,5.12,5.12,5.12,2021-04-07_16:27:53
5.12,0.19,5.12,5.12,5.12,5.12,2021-04-07_16:27:53
5.12,0.19,5.12,5.12,5.12,5.12,2021-04-07_16:27:53
5.12,0.19,5.12,5.12,5.12,5.12,2021-04-07_16:27:53
5.12,0.19,5.12,5.12,5.12,5.12,2021-04-07_16:27:53
5.12,0.19,5.12,5.12,5.12,5.12,2021-04-07_16:27:54
5.12,0.19,5.12,5.12,5.12,5.12,2021-04-07_16:27:54
5.12,0.19,5.12,5.12,5.12,5.12,2021-04-07_16:27:54
5.12,0.19,5.12,5.12,5.12,5.12,2021-04-07_16:27:54
5.12,0.19,5.12,5.12,5.12,5.12,2021-04-07_16:27:54
5.12,0.19,5.12,5.12,5.12,5.12,2021-04-07_16:27:54
5.12,0.19,5.12,5.12,5.12,5.12,2021-04-07_16:27:54
5.12,0.19,5.12,5.12,5.12,5.12,2021-04-07_16:27:54
5.12,0.19,5.12,5.12,5.12,5.12,2021-04-07_16:27:54
5.12,0.19,5.12,5.12,5.12,5.12,2021-04-07_16:27:54
5.12,0.19,5.12,5.12,5.12,5.12,2021-04-07_16:27:54
5.12,0.19,5.12,5.12,5.12,5.12,2021-04-07_16:27:54
5.12,0.19,5.12,5.12,5.12,5.12,2021-04-07_16:27:54
5.12,0.19,5.12,5.12,5.12,5.12,2021-04-07_16:27:54
5.12,0.19,5.12,5.12,5.12,5.12,2021-04-07_16:27:55
5.12,0.19,5.12,5.12,5.12,5.12,2021-04-07_16:27:55
5.12,0.19,5.12,5.12,5.12,5.12,2021-04-07_16:27:55
5.12,0.19,5.12,5.12,5.12,5.12,2021-04-07_16:27:55
5.12,0.19,5.12,5.12,5.12,5.12,2021-04-07_16:27:55
5.12,0.19,5.12,5.12,5.12,5.12,2021-04-07_16:27:55
5.12,0.19,5.12,5.12,5.12,5.12,2021-04-07_16:27:55
5.12,0.19,5.12,5.12,5.12,5.12,2021-04-07_16:27:55
5.12,0.19,5.12,5.12,5.12,5.12,2021-04-07_16:27:55
5.12,0.19,5.12,5.12,5.12,5.12,2021-04-07_16:27:55
5.12,0.19,5.12,5.12,5.12,5.12,2021-04-07_16:27:55
5.12,0.19,5.12,5.12,5.12,5.12,2021-04-07_16:27:55
5.12,0.19,5.12,5.12,5.12,5.12,2021-04-07_16:27:55
5.12,0.19,5.12,5.12,5.12,5.12,2021-04-07_16:27:56
5.12,0.19,5.12,5.12,5.12,5.12,2021-04-07_16:27:56
5.12,0.19,5.12,5.12,5.12,5.12,2021-04-07_16:27:56
5.12,0.19,5.12,5.12,5.12,5.12,2021-04-07_16:27:56
5.12,0.19,5.12,5.12,5.12,5.12,2021-04-07_16:27:56
5.12,0.19,5.12,5.12,5.12,5.12,2021-04-07_16:27:56
5.12,0.19,5.12,5.12,5.12,5.12,2021-04-07_16:27:56
5.12,0.19,5.12,5.12,5.12,5.12,2021-04-07_16:27:56
5.12,0.19,5.12,5.12,5.12,5.12,2021-04-07_16:27:56
5.12,0.19,5.12,5.12,5.12,5.12,2021-04-07_16:27:56
5.12,0.19,5.12,5.12,5.12,5.12,2021-04-07_16:27:56
5.12,0.19,5.12,5.12,5.12,5.12,2021-04-07_16:27:56
5.12,0.19,5.12,5.12,5.12,5.12,2021-04-07_16:27:56
5.12,0.19,5.12,5.12,5.12,5.12,2021-04-07_16:27:57
5.12,0.19,5.12,5.12,5.12,5.12,2021-04-07_16:27:57
5.12,0.19,5.12,5.12,5.12,5.12,2021-04-07_16:27:57
5.12,0.19,5.12,5.12,5.12,5.12,2021-04-07_16:27:57
5.12,0.19,5.12,5.12,5.12,5.12,2021-04-07_16:27:57
5.12,0.19,5.12,5.12,5.12,5.12,2021-04-07_16:27:57
5.12,0.19,5.12,5.12,5.12,5.12,2021-04-07_16:27:57
5.12,0.19,5.12,5.12,5.12,5.12,2021-04-07_16:27:57
5.12,0.19,5.12,5.12,5.12,5.12,2021-04-07_16:27:57
5.12,0.19,5.12,5.12,5.12,5.12,2021-04-07_16:27:57
5.12,0.19,5.12,5.12,5.12,5.12,2021-04-07_16:27:57
5.12,0.19,5.12,5.12,5.12,5.12,2021-04-07_16:27:57
5.12,0.19,5.12,5.12,5.12,5.12,2021-04-07_16:27:57
5.12,0.19,5.12,5.12,5.12,5.12,2021-04-07_16:27:57
5.12,0.19,5.12,5.12,5.12,5.12,2021-04-07_16:27:58
5.12,0.19,5.12,5.12,5.12,5.12,2021-04-07_16:27:58
5.12,0.19,5.12,5.12,5.12,5.12,2021-04-07_16:27:58
5.12,0.19,5.12,5.12,5.12,5.12,2021-04-07_16:27:58
5.12,0.19,5.12,5.12,5.12,5.12,2021-04-07_16:27:58
