0,1,2,3,4,5,6
0.0,0.0,0.0,0.0,0.0,0.0,2021-04-07_15:14:23
0.0,0.0,0.0,0.0,0.0,0.0,2021-04-07_15:14:23
0.0,0.0,0.0,0.0,0.0,0.0,2021-04-07_15:14:23
0.0,0.0,0.0,0.0,0.0,0.0,2021-04-07_15:14:23
0.0,0.0,0.0,0.0,0.0,0.0,2021-04-07_15:14:23
0.0,0.0,0.0,0.0,0.0,0.0,2021-04-07_15:14:23
0.0,0.0,0.0,0.0,0.0,0.0,2021-04-07_15:14:23
0.0,0.0,0.0,0.0,0.0,0.0,2021-04-07_15:14:23
0.0,0.0,0.0,0.0,0.0,0.0,2021-04-07_15:14:23
0.0,0.0,0.0,0.0,0.0,0.0,2021-04-07_15:14:23
0.0,0.0,0.0,0.0,0.0,0.0,2021-04-07_15:14:23
0.0,0.0,0.0,0.0,0.0,0.0,2021-04-07_15:14:23
0.0,0.0,0.0,0.0,0.0,0.0,2021-04-07_15:14:23
0.0,0.0,0.0,0.0,0.0,0.0,2021-04-07_15:14:23
0.0,0.0,0.0,0.0,0.0,0.0,2021-04-07_15:14:24
0.0,0.0,0.0,0.0,0.0,0.0,2021-04-07_15:14:24
0.0,0.0,0.0,0.0,0.0,0.0,2021-04-07_15:14:24
0.0,0.0,0.0,0.0,0.0,0.0,2021-04-07_15:14:24
0.0,0.0,0.0,0.0,0.0,0.0,2021-04-07_15:14:24
0.0,0.0,0.0,0.0,0.0,0.0,2021-04-07_15:14:24
0.0,0.0,0.0,0.0,0.0,0.0,2021-04-07_15:14:24
0.0,0.0,0.0,0.0,0.0,0.0,2021-04-07_15:14:24
0.0,0.0,0.0,0.0,0.0,0.0,2021-04-07_15:14:24
0.0,0.0,0.0,0.0,0.0,0.0,2021-04-07_15:14:24
0.0,0.0,0.0,0.0,0.0,0.0,2021-04-07_15:14:24
0.0,0.0,0.0,0.0,0.0,0.0,2021-04-07_15:14:24
0.0,0.0,0.0,0.0,0.0,0.0,2021-04-07_15:14:24
0.0,0.0,0.0,0.0,0.0,0.0,2021-04-07_15:14:25
0.01,-0.01,0.0,0.0,0.0,0.0,2021-04-07_15:14:25
-0.01,0.01,0.0,0.0,0.0,0.0,2021-04-07_15:14:25
0.0,0.0,0.0,0.0,0.0,0.0,2021-04-07_15:14:25
0.0,0.0,0.0,0.0,0.0,0.0,2021-04-07_15:14:25
0.01,-0.01,0.0,0.0,0.0,0.0,2021-04-07_15:14:25
-0.01,0.01,0.0,0.0,0.0,0.0,2021-04-07_15:14:25
0.0,0.0,0.0,0.0,0.0,0.0,2021-04-07_15:14:25
0.0,0.0,0.0,0.0,0.0,0.0,2021-04-07_15:14:25
0.0,0.0,0.0,0.0,0.0,0.0,2021-04-07_15:14:25
0.0,0.0,0.0,0.0,0.0,0.0,2021-04-07_15:14:25
0.0,0.0,0.0,0.0,0.0,0.0,2021-04-07_15:14:25
0.0,0.0,0.0,0.0,0.0,0.0,2021-04-07_15:14:25
0.0,0.0,0.0,0.0,0.0,0.0,2021-04-07_15:14:25
0.0,0.0,0.0,0.0,0.0,0.0,2021-04-07_15:14:26
0.0,0.0,0.0,0.0,0.0,0.0,2021-04-07_15:14:26
0.01,-0.01,0.0,0.0,0.0,0.0,2021-04-07_15:14:26
-0.01,0.01,0.0,0.0,0.0,0.0,2021-04-07_15:14:26
0.0,0.0,0.0,0.0,0.0,0.0,2021-04-07_15:14:26
0.0,0.0,0.0,0.0,0.0,0.0,2021-04-07_15:14:26
0.01,-0.01,0.0,0.0,0.0,0.0,2021-04-07_15:14:26
-0.01,0.01,0.0,0.0,0.0,0.0,2021-04-07_15:14:26
0.0,0.0,0.0,0.0,0.0,0.0,2021-04-07_15:14:26
0.0,0.0,0.0,0.0,0.0,0.0,2021-04-07_15:14:26
0.0,0.0,0.0,0.0,0.0,0.0,2021-04-07_15:14:26
0.0,0.0,0.0,0.0,0.0,0.0,2021-04-07_15:14:26
0.0,0.0,0.0,0.0,0.0,0.0,2021-04-07_15:14:26
0.0,0.0,0.0,0.0,0.0,0.0,2021-04-07_15:14:27
0.0,0.0,0.0,0.0,0.0,0.0,2021-04-07_15:14:27
0.0,0.0,0.0,0.0,0.0,0.0,2021-04-07_15:14:27
0.0,0.0,0.0,0.0,0.0,0.0,2021-04-07_15:14:27
0.0,0.0,0.0,0.0,0.0,0.0,2021-04-07_15:14:27
0.0,0.0,-0.01,0.01,0.0,0.0,2021-04-07_15:14:27
0.0,0.0,0.0,0.0,0.0,0.0,2021-04-07_15:14:27
0.0,0.0,0.0,0.0,0.0,0.0,2021-04-07_15:14:27
0.01,0.0,0.0,0.0,0.0,0.0,2021-04-07_15:14:27
0.0,0.0,0.0,0.0,0.0,0.0,2021-04-07_15:14:27
0.0,0.0,0.0,0.0,0.0,0.0,2021-04-07_15:14:27
0.0,0.0,0.0,0.0,0.0,0.0,2021-04-07_15:14:27
0.0,0.0,0.0,0.0,0.0,0.0,2021-04-07_15:14:27
0.0,0.0,0.0,0.0,0.0,0.0,2021-04-07_15:14:28
0.0,0.0,0.0,0.0,-0.01,0.01,2021-04-07_15:14:28
0.0,0.0,0.0,0.0,0.0,0.0,2021-04-07_15:14:28
0.0,0.0,0.0,0.0,0.0,0.0,2021-04-07_15:14:28
0.0,0.0,0.0,0.0,0.0,0.0,2021-04-07_15:14:28
0.0,0.0,0.0,0.0,0.0,0.0,2021-04-07_15:14:28
0.0,0.0,0.0,0.0,0.0,0.0,2021-04-07_15:14:28
0.0,0.0,0.0,0.0,0.0,0.0,2021-04-07_15:14:28
0.0,0.0,0.0,0.0,0.0,0.0,2021-04-07_15:14:28
0.0,0.0,0.0,0.0,0.0,0.0,2021-04-07_15:14:28
0.0,0.0,0.0,0.0,0.0,0.0,2021-04-07_15:14:28
0.0,0.0,0.0,0.0,0.0,0.0,2021-04-07_15:14:28
0.0,0.0,0.0,0.0,0.0,0.0,2021-04-07_15:14:28
0.0,0.0,0.0,-0.01,0.01,0.0,2021-04-07_15:14:28
0.0,0.0,0.0,0.0,0.0,0.0,2021-04-07_15:14:29
0.0,0.0,0.0,0.0,0.0,0.0,2021-04-07_15:14:29
0.0,-0.01,0.01,0.0,0.0,0.0,2021-04-07_15:14:29
0.0,0.01,-0.01,0.01,-0.01,0.01,2021-04-07_15:14:29
0.0,0.0,0.0,0.0,0.0,0.0,2021-04-07_15:14:29
0.0,0.0,0.0,0.0,0.0,0.0,2021-04-07_15:14:29
0.0,0.0,0.0,0.0,0.0,0.0,2021-04-07_15:14:29
0.0,0.0,0.0,-0.01,0.01,0.0,2021-04-07_15:14:29
0.0,0.0,0.01,0.0,0.0,0.0,2021-04-07_15:14:29
0.0,0.0,-0.01,0.01,-0.01,0.01,2021-04-07_15:14:29
0.0,0.0,0.0,0.0,0.0,0.0,2021-04-07_15:14:29
0.0,0.0,0.0,-0.01,0.01,0.0,2021-04-07_15:14:29
0.0,-0.01,0.0,0.01,-0.01,0.01,2021-04-07_15:14:29
0.0,0.01,0.0,0.0,0.0,0.0,2021-04-07_15:14:30
0.0,0.0,0.0,0.0,0.0,0.01,2021-04-07_15:14:30
0.0,0.0,0.0,0.0,0.01,0.0,2021-04-07_15:14:30
0.0,0.01,0.0,0.0,0.0,0.01,2021-04-07_15:14:30
-0.01,0.0,0.0,-0.01,-0.01,0.02,2021-04-07_15:14:30
0.01,-0.01,0.0,0.01,0.0,0.0,2021-04-07_15:14:30
0.01,0.0,0.0,-0.01,0.01,0.01,2021-04-07_15:14:30
-0.01,0.0,0.0,0.01,0.0,0.02,2021-04-07_15:14:30
0.0,0.0,-0.01,0.01,0.01,0.03,2021-04-07_15:14:30
0.01,-0.01,0.01,-0.01,0.0,0.03,2021-04-07_15:14:30
-0.02,0.02,0.01,0.01,-0.02,0.03,2021-04-07_15:14:30
0.02,-0.01,0.01,-0.01,0.01,0.03,2021-04-07_15:14:30
0.0,0.02,-0.01,0.0,-0.01,0.04,2021-04-07_15:14:30
0.02,-0.01,0.0,-0.01,0.01,0.05,2021-04-07_15:14:31
0.0,0.01,0.0,0.02,0.01,0.08,2021-04-07_15:14:31
-0.01,-0.01,-0.02,-0.02,-0.01,0.16,2021-04-07_15:14:31
-0.01,-0.01,0.03,0.01,0.02,0.05,2021-04-07_15:14:31
0.0,0.02,-0.01,0.0,-0.01,0.08,2021-04-07_15:14:31
-0.01,0.01,0.05,0.05,0.0,0.08,2021-04-07_15:14:31
0.02,0.03,0.01,-0.02,-0.01,0.17,2021-04-07_15:14:31
0.0,-0.03,-0.05,-0.02,0.0,0.21,2021-04-07_15:14:31
0.04,0.02,-0.01,-0.01,0.01,0.11,2021-04-07_15:14:31
-0.02,-0.03,0.0,-0.01,-0.01,0.17,2021-04-07_15:14:31
-0.02,-0.02,-0.02,0.01,0.04,0.14,2021-04-07_15:14:31
-0.01,0.0,0.02,0.01,-0.01,0.1,2021-04-07_15:14:31
0.02,0.01,0.02,0.02,0.01,0.09,2021-04-07_15:14:31
-0.02,0.04,0.03,0.01,-0.04,0.19,2021-04-07_15:14:31
0.02,0.01,0.01,-0.02,0.01,0.18,2021-04-07_15:14:32
0.01,-0.02,-0.04,-0.01,-0.01,0.23,2021-04-07_15:14:32
0.01,-0.02,-0.02,-0.01,0.02,0.16,2021-04-07_15:14:32
-0.02,0.01,0.0,0.01,0.01,0.13,2021-04-07_15:14:32
0.0,0.0,0.0,0.02,0.01,0.19,2021-04-07_15:14:32
-0.02,-0.02,0.02,0.0,0.02,0.19,2021-04-07_15:14:32
0.0,0.01,0.0,0.02,0.01,0.18,2021-04-07_15:14:32
-0.01,0.02,0.02,0.02,-0.05,0.23,2021-04-07_15:14:32
-0.09,-0.04,-0.04,-0.06,0.0,0.23,2021-04-07_15:14:32
-0.07,0.01,0.01,-0.01,-0.03,0.09,2021-04-07_15:14:32
-0.04,-0.01,-0.01,0.0,0.01,0.05,2021-04-07_15:14:32
-0.06,0.01,0.0,0.0,0.0,0.05,2021-04-07_15:14:32
-0.01,-0.05,0.0,0.0,0.0,0.06,2021-04-07_15:14:32
0.0,-0.04,0.0,0.0,0.0,0.04,2021-04-07_15:14:33
0.0,-0.04,-0.01,0.01,-0.01,0.05,2021-04-07_15:14:33
0.0,-0.04,0.0,0.0,0.01,0.03,2021-04-07_15:14:33
0.0,-0.04,0.01,-0.02,0.0,0.05,2021-04-07_15:14:33
0.0,-0.02,-0.01,0.01,0.0,0.02,2021-04-07_15:14:33
0.0,-0.01,0.0,-0.01,-0.01,0.03,2021-04-07_15:14:33
0.0,0.01,0.0,-0.02,0.01,0.0,2021-04-07_15:14:33
0.0,0.1,-0.05,0.01,-0.04,-0.02,2021-04-07_15:14:33
0.13,0.03,-0.01,-0.02,0.03,-0.16,2021-04-07_15:14:33
0.03,0.03,0.03,0.01,-0.01,-0.2,2021-04-07_15:14:33
0.07,0.01,0.02,0.02,0.01,-0.25,2021-04-07_15:14:33
-0.01,0.02,0.01,0.0,-0.03,-0.22,2021-04-07_15:14:33
0.03,0.03,0.0,-0.05,-0.07,-0.17,2021-04-07_15:14:33
0.03,-0.02,-0.06,-0.02,0.06,-0.21,2021-04-07_15:14:33
-0.04,-0.01,-0.02,0.0,0.03,-0.17,2021-04-07_15:14:34
0.0,-0.02,0.05,0.06,0.01,-0.22,2021-04-07_15:14:34
-0.09,-0.02,-0.02,-0.01,-0.02,-0.14,2021-04-07_15:14:34
0.03,0.05,0.04,0.02,-0.03,-0.42,2021-04-07_15:14:34
0.05,0.0,0.01,-0.03,0.01,-0.28,2021-04-07_15:14:34
-0.03,-0.04,-0.04,-0.01,0.0,-0.21,2021-04-07_15:14:34
0.08,0.04,-0.01,-0.04,-0.05,-0.3,2021-04-07_15:14:34
-0.01,-0.04,-0.04,-0.01,0.07,-0.25,2021-04-07_15:14:34
0.0,0.04,0.05,0.08,0.02,-0.25,2021-04-07_15:14:34
-0.02,-0.02,0.02,0.01,-0.01,-0.08,2021-04-07_15:14:34
-0.06,0.01,0.01,0.0,0.01,-0.14,2021-04-07_15:14:34
0.04,0.02,0.03,0.02,-0.01,-0.2,2021-04-07_15:14:34
0.03,0.0,-0.02,-0.01,0.03,-0.05,2021-04-07_15:14:34
0.01,0.01,0.0,-0.01,-0.02,0.0,2021-04-07_15:14:35
-0.01,-0.01,0.0,0.0,-0.02,-0.01,2021-04-07_15:14:35
0.01,0.0,-0.02,-0.02,0.02,-0.05,2021-04-07_15:14:35
-0.01,0.01,0.01,0.01,0.01,-0.05,2021-04-07_15:14:35
0.01,-0.01,0.01,0.01,0.0,-0.02,2021-04-07_15:14:35
-0.01,0.01,-0.01,0.01,-0.01,0.0,2021-04-07_15:14:35
0.01,-0.01,0.01,-0.01,0.01,-0.01,2021-04-07_15:14:35
0.0,0.0,0.0,0.0,-0.01,0.0,2021-04-07_15:14:35
0.0,0.0,0.0,0.0,0.0,-0.01,2021-04-07_15:14:35
0.0,0.01,-0.01,0.0,0.01,-0.01,2021-04-07_15:14:35
-0.01,0.0,0.01,0.0,-0.01,0.0,2021-04-07_15:14:35
0.01,-0.01,0.0,0.0,0.01,-0.01,2021-04-07_15:14:35
0.0,0.0,0.0,0.01,-0.01,0.0,2021-04-07_15:14:35
0.0,0.01,-0.01,0.0,0.0,0.0,2021-04-07_15:14:36
0.0,-0.01,0.01,0.0,0.0,0.0,2021-04-07_15:14:36
0.0,0.01,0.0,-0.01,0.0,0.0,2021-04-07_15:14:36
0.0,0.0,0.0,0.0,0.0,0.0,2021-04-07_15:14:36
0.0,0.0,0.0,0.0,0.0,0.0,2021-04-07_15:14:36
-0.01,0.0,0.0,0.0,0.0,0.0,2021-04-07_15:14:36
0.01,-0.01,0.0,0.0,0.01,-0.01,2021-04-07_15:14:36
0.0,0.01,-0.01,0.01,-0.01,0.0,2021-04-07_15:14:36
0.0,0.0,0.01,-0.01,0.0,0.0,2021-04-07_15:14:36
0.0,0.0,0.0,0.0,0.0,0.0,2021-04-07_15:14:36
0.0,0.0,0.0,0.0,0.0,0.0,2021-04-07_15:14:36
-0.01,0.0,0.0,0.0,0.01,-0.01,2021-04-07_15:14:36
0.01,-0.01,0.0,0.0,0.0,0.0,2021-04-07_15:14:36
0.0,0.0,0.0,0.0,0.0,0.0,2021-04-07_15:14:36
0.0,0.0,0.0,0.0,0.0,0.0,2021-04-07_15:14:37
0.0,0.0,0.0,0.01,-0.01,0.0,2021-04-07_15:14:37
0.0,0.0,0.0,0.0,0.0,0.0,2021-04-07_15:14:37
0.0,0.0,0.0,0.0,0.0,0.0,2021-04-07_15:14:37
0.0,0.0,0.0,0.0,0.0,0.0,2021-04-07_15:14:37
0.0,0.0,0.0,0.0,0.0,0.0,2021-04-07_15:14:37
0.0,0.01,-0.01,0.0,0.0,0.0,2021-04-07_15:14:37
0.0,0.0,0.0,0.0,0.0,0.0,2021-04-07_15:14:37
0.0,0.0,0.0,0.0,0.0,0.0,2021-04-07_15:14:37
0.0,0.0,0.0,0.0,0.0,0.0,2021-04-07_15:14:37
0.0,0.0,0.0,0.0,0.0,0.0,2021-04-07_15:14:37
0.0,0.0,0.0,0.0,0.0,0.0,2021-04-07_15:14:37
0.0,0.0,0.0,0.0,0.0,0.0,2021-04-07_15:14:37
0.0,0.0,0.0,0.0,0.0,0.0,2021-04-07_15:14:38
0.0,0.0,0.0,0.0,0.01,-0.01,2021-04-07_15:14:38
0.0,0.0,0.0,0.0,0.0,0.0,2021-04-07_15:14:38
0.0,0.0,0.0,0.0,0.0,0.0,2021-04-07_15:14:38
0.0,0.0,0.0,0.0,0.0,0.0,2021-04-07_15:14:38
0.0,0.0,0.0,0.0,0.0,0.0,2021-04-07_15:14:38
0.0,0.0,0.0,0.0,0.0,0.0,2021-04-07_15:14:38
0.0,0.0,0.0,0.0,0.0,0.0,2021-04-07_15:14:38
0.0,0.0,0.0,0.0,0.0,0.0,2021-04-07_15:14:38
0.0,0.0,0.0,0.0,0.0,0.0,2021-04-07_15:14:38
0.0,0.0,0.0,0.0,0.0,0.0,2021-04-07_15:14:38
0.0,0.0,0.0,0.0,0.0,0.0,2021-04-07_15:14:38
0.0,0.0,0.0,0.0,0.0,0.0,2021-04-07_15:14:38
0.0,0.0,0.0,0.0,0.0,0.0,2021-04-07_15:14:38
0.0,0.0,0.0,0.0,0.0,0.0,2021-04-07_15:14:39
0.0,0.0,0.0,0.0,0.0,0.0,2021-04-07_15:14:39
0.0,0.0,0.0,0.0,0.0,0.0,2021-04-07_15:14:39
0.0,0.0,0.0,0.0,0.0,0.0,2021-04-07_15:14:39
0.0,0.0,0.0,0.0,0.0,0.0,2021-04-07_15:14:39
0.0,0.0,0.0,0.0,0.0,0.0,2021-04-07_15:14:39
0.0,0.0,0.0,0.0,0.0,0.0,2021-04-07_15:14:39
0.0,0.0,0.0,0.0,0.0,0.0,2021-04-07_15:14:39
0.0,0.0,0.0,0.0,0.0,0.0,2021-04-07_15:14:39
0.0,0.0,0.0,0.0,0.0,0.0,2021-04-07_15:14:39
0.0,0.0,0.0,0.0,0.0,0.0,2021-04-07_15:14:39
0.0,0.0,0.0,0.0,0.0,0.0,2021-04-07_15:14:39
0.0,-0.01,0.01,0.0,0.0,0.0,2021-04-07_15:14:39
0.0,0.0,0.0,0.0,0.0,0.0,2021-04-07_15:14:40
0.0,0.01,-0.01,0.0,0.0,0.0,2021-04-07_15:14:40
0.0,-0.01,0.01,0.0,0.0,0.0,2021-04-07_15:14:40
0.0,0.0,0.0,0.0,0.0,0.0,2021-04-07_15:14:40
0.0,0.0,0.0,0.0,0.0,0.0,2021-04-07_15:14:40
0.0,0.0,0.0,0.0,0.0,0.0,2021-04-07_15:14:40
0.0,0.0,0.0,0.0,0.0,0.0,2021-04-07_15:14:40
0.0,0.0,0.0,0.0,0.0,0.0,2021-04-07_15:14:40
0.0,0.0,0.0,0.0,0.0,0.0,2021-04-07_15:14:40
0.0,0.0,0.0,0.0,0.0,0.0,2021-04-07_15:14:40
0.0,0.0,0.0,0.0,0.0,0.0,2021-04-07_15:14:40
0.0,0.0,0.0,0.0,0.0,0.0,2021-04-07_15:14:40
0.0,0.0,0.0,0.0,0.0,0.0,2021-04-07_15:14:40
0.0,0.0,0.0,0.0,0.0,0.0,2021-04-07_15:14:41
0.0,0.0,0.0,0.0,0.0,0.0,2021-04-07_15:14:41
0.0,0.0,0.0,0.0,0.0,0.0,2021-04-07_15:14:41
0.0,0.0,0.0,0.0,0.0,0.0,2021-04-07_15:14:41
0.0,0.0,0.0,0.0,0.0,0.0,2021-04-07_15:14:41
0.0,0.0,0.0,0.0,0.0,0.0,2021-04-07_15:14:41
0.0,0.0,0.0,0.0,0.0,0.0,2021-04-07_15:14:41
0.0,0.0,0.0,0.0,0.0,0.0,2021-04-07_15:14:41
0.0,0.0,0.0,0.0,0.0,0.0,2021-04-07_15:14:41
0.0,0.0,0.0,0.0,0.0,0.0,2021-04-07_15:14:41
0.0,0.0,0.0,0.0,0.0,0.0,2021-04-07_15:14:41
0.0,0.0,0.0,0.0,0.0,0.0,2021-04-07_15:14:41
0.0,0.0,0.0,0.0,0.0,0.0,2021-04-07_15:14:41
0.0,0.0,0.0,0.0,0.0,0.0,2021-04-07_15:14:41
0.0,0.0,0.0,0.0,0.0,0.0,2021-04-07_15:14:42
0.0,0.0,0.0,0.0,0.0,0.0,2021-04-07_15:14:42
0.0,0.0,0.0,0.0,0.0,0.0,2021-04-07_15:14:42
0.0,0.0,0.0,0.0,0.0,0.0,2021-04-07_15:14:42
0.0,0.0,0.0,0.0,0.0,0.0,2021-04-07_15:14:42
0.0,0.0,0.0,0.0,0.0,0.0,2021-04-07_15:14:42
0.0,0.0,0.0,0.0,0.0,0.0,2021-04-07_15:14:42
0.0,0.0,0.0,0.0,0.0,0.0,2021-04-07_15:14:42
0.0,0.0,0.0,0.0,0.0,0.0,2021-04-07_15:14:42
0.0,0.0,0.0,0.0,0.0,0.0,2021-04-07_15:14:42
0.0,0.0,0.0,0.0,0.0,0.0,2021-04-07_15:14:42
0.0,0.0,0.0,0.0,0.0,0.0,2021-04-07_15:14:42
0.0,0.0,0.0,0.0,0.0,0.0,2021-04-07_15:14:42
0.0,0.0,0.0,0.0,0.0,0.0,2021-04-07_15:14:43
0.0,0.0,0.0,0.0,0.0,0.0,2021-04-07_15:14:43
0.0,0.0,0.0,0.0,0.0,0.0,2021-04-07_15:14:43
-0.01,0.01,0.0,0.0,0.0,0.0,2021-04-07_15:14:43
0.01,-0.01,0.0,0.0,0.0,0.0,2021-04-07_15:14:43
0.0,0.0,0.0,0.0,0.0,0.0,2021-04-07_15:14:43
0.0,0.0,0.0,0.0,0.0,0.0,2021-04-07_15:14:43
-0.01,0.01,0.0,0.0,0.0,0.0,2021-04-07_15:14:43
0.01,-0.01,0.0,0.0,0.0,0.0,2021-04-07_15:14:43
0.0,0.0,0.0,0.0,0.0,0.0,2021-04-07_15:14:43
0.0,0.0,0.0,0.0,0.0,0.0,2021-04-07_15:14:43
-0.01,0.01,0.0,0.0,0.0,0.0,2021-04-07_15:14:43
0.01,-0.01,0.0,0.0,0.0,0.0,2021-04-07_15:14:43
-0.01,0.01,0.0,0.0,0.0,0.0,2021-04-07_15:14:44
0.0,0.0,0.0,0.0,0.0,0.0,2021-04-07_15:14:44
0.0,0.0,0.0,0.0,0.0,0.0,2021-04-07_15:14:44
0.01,-0.01,0.0,0.0,0.0,0.0,2021-04-07_15:14:44
-0.01,0.01,0.0,0.0,0.0,0.0,2021-04-07_15:14:44
0.0,0.0,0.0,0.0,0.0,0.0,2021-04-07_15:14:44
0.0,0.0,0.0,0.0,0.0,0.0,2021-04-07_15:14:44
0.01,-0.01,0.0,0.0,0.0,0.0,2021-04-07_15:14:44
-0.01,0.01,0.0,0.0,0.0,0.0,2021-04-07_15:14:44
0.0,0.0,0.0,0.0,0.0,0.0,2021-04-07_15:14:44
0.0,0.0,0.0,0.0,0.0,0.0,2021-04-07_15:14:44
0.01,-0.01,0.0,0.0,0.0,0.0,2021-04-07_15:14:44
-0.01,0.01,0.0,0.0,0.0,0.0,2021-04-07_15:14:44
0.0,0.0,0.0,0.0,0.0,0.0,2021-04-07_15:14:44
0.0,0.0,0.0,0.0,0.0,0.0,2021-04-07_15:14:45
0.0,0.0,0.0,0.0,0.0,0.0,2021-04-07_15:14:45
0.0,0.0,0.0,0.0,0.0,0.0,2021-04-07_15:14:45
0.0,0.0,0.0,0.0,0.0,0.0,2021-04-07_15:14:45
0.0,0.0,0.0,0.0,0.0,0.0,2021-04-07_15:14:45
0.0,0.0,0.0,0.0,0.0,0.0,2021-04-07_15:14:45
0.0,0.0,0.0,0.0,0.0,0.0,2021-04-07_15:14:45
0.0,0.0,0.0,0.0,0.0,0.0,2021-04-07_15:14:45
0.01,-0.01,0.0,0.0,0.0,0.0,2021-04-07_15:14:45
-0.01,0.01,0.0,0.0,0.0,0.0,2021-04-07_15:14:45
0.0,0.0,0.0,0.0,0.0,0.0,2021-04-07_15:14:45
0.0,0.0,0.0,0.0,0.0,0.0,2021-04-07_15:14:45
0.0,0.0,0.0,0.0,0.0,0.0,2021-04-07_15:14:45
0.0,0.0,0.0,0.0,0.0,0.0,2021-04-07_15:14:46
0.0,0.0,0.0,0.0,0.0,0.0,2021-04-07_15:14:46
0.0,0.0,0.0,0.0,0.0,0.0,2021-04-07_15:14:46
0.0,0.0,0.0,0.0,0.0,0.0,2021-04-07_15:14:46
0.0,0.0,0.0,0.0,0.0,0.0,2021-04-07_15:14:46
0.0,0.0,0.0,0.0,0.0,0.0,2021-04-07_15:14:46
0.0,0.0,0.0,0.0,0.0,0.0,2021-04-07_15:14:46
0.0,0.0,0.0,0.0,0.0,0.0,2021-04-07_15:14:46
0.0,0.0,0.0,0.0,0.0,0.0,2021-04-07_15:14:46
0.0,0.0,0.0,0.0,0.0,0.0,2021-04-07_15:14:46
0.0,0.0,0.0,0.0,0.0,0.0,2021-04-07_15:14:46
0.0,0.0,0.0,0.0,0.0,0.0,2021-04-07_15:14:46
0.0,0.0,0.0,0.0,0.0,0.0,2021-04-07_15:14:46
0.0,0.0,0.0,0.0,0.0,0.0,2021-04-07_15:14:46
0.0,0.0,0.0,0.0,0.0,0.0,2021-04-07_15:14:47
0.0,0.0,0.0,0.0,0.0,0.0,2021-04-07_15:14:47
0.0,0.0,0.0,0.0,0.0,0.0,2021-04-07_15:14:47
0.0,0.0,0.0,0.0,0.0,0.0,2021-04-07_15:14:47
0.0,0.0,0.0,0.0,0.0,0.0,2021-04-07_15:14:47
0.0,0.0,0.0,0.0,0.0,0.0,2021-04-07_15:14:47
0.0,0.0,0.0,0.0,0.0,0.0,2021-04-07_15:14:47
0.0,0.0,0.0,0.0,0.0,0.0,2021-04-07_15:14:47
0.0,0.0,0.0,0.0,0.0,0.0,2021-04-07_15:14:47
0.0,0.0,0.0,0.0,0.0,0.0,2021-04-07_15:14:47
0.0,0.0,0.0,0.0,0.0,0.0,2021-04-07_15:14:47
0.0,0.0,0.0,0.0,0.0,0.0,2021-04-07_15:14:47
0.0,0.0,0.0,0.0,0.0,0.0,2021-04-07_15:14:47
0.0,0.0,0.0,0.0,0.0,0.0,2021-04-07_15:14:48
0.0,0.0,0.0,0.0,0.0,0.0,2021-04-07_15:14:48
0.0,0.0,0.0,0.0,0.0,0.0,2021-04-07_15:14:48
0.0,0.0,0.0,0.0,0.0,0.0,2021-04-07_15:14:48
0.0,0.0,0.0,0.0,0.0,0.0,2021-04-07_15:14:48
0.0,0.0,0.0,0.0,0.0,0.0,2021-04-07_15:14:48
0.0,0.0,0.0,0.0,0.0,0.0,2021-04-07_15:14:48
0.0,0.0,0.0,0.0,0.0,0.0,2021-04-07_15:14:48
0.0,0.0,0.0,0.0,0.0,0.0,2021-04-07_15:14:48
0.0,0.0,0.0,0.0,0.0,0.0,2021-04-07_15:14:48
0.0,0.0,0.0,0.0,0.0,0.0,2021-04-07_15:14:48
0.0,0.0,0.0,0.0,0.0,0.0,2021-04-07_15:14:48
0.0,0.0,0.0,0.0,0.0,0.0,2021-04-07_15:14:48
0.0,0.0,0.0,0.0,0.0,0.0,2021-04-07_15:14:49
0.0,0.0,0.0,0.0,0.0,0.0,2021-04-07_15:14:49
0.0,0.0,0.0,0.0,0.0,0.0,2021-04-07_15:14:49
0.0,0.0,0.0,0.0,0.0,0.0,2021-04-07_15:14:49
0.01,-0.01,0.0,0.0,0.0,0.0,2021-04-07_15:14:49
-0.01,0.01,0.0,0.0,0.0,0.0,2021-04-07_15:14:49
0.0,0.0,0.0,0.0,0.0,0.0,2021-04-07_15:14:49
0.0,0.0,0.0,0.0,0.0,0.0,2021-04-07_15:14:49
0.01,-0.01,0.0,0.0,0.0,0.0,2021-04-07_15:14:49
-0.01,0.01,0.0,0.0,0.0,0.0,2021-04-07_15:14:49
0.0,0.0,0.0,0.0,0.0,0.0,2021-04-07_15:14:49
0.0,0.0,0.0,0.0,0.0,0.0,2021-04-07_15:14:49
0.0,0.0,0.0,0.0,0.0,0.0,2021-04-07_15:14:49
0.0,0.0,0.0,0.0,0.0,0.0,2021-04-07_15:14:49
0.0,0.0,0.0,0.0,0.0,0.0,2021-04-07_15:14:50
0.0,0.0,0.0,0.0,0.0,0.0,2021-04-07_15:14:50
0.0,0.0,0.0,0.0,0.0,0.0,2021-04-07_15:14:50
0.0,0.0,0.0,0.0,0.0,0.0,2021-04-07_15:14:50
0.0,0.0,0.0,0.0,0.0,0.0,2021-04-07_15:14:50
0.0,0.0,0.0,0.0,0.0,0.0,2021-04-07_15:14:50
0.0,0.0,0.0,0.0,0.0,0.0,2021-04-07_15:14:50
0.0,0.0,0.0,0.0,0.0,0.0,2021-04-07_15:14:50
0.0,0.0,0.0,0.0,0.0,0.0,2021-04-07_15:14:50
0.0,0.0,0.0,0.0,0.0,0.0,2021-04-07_15:14:50
0.0,0.0,0.0,0.0,0.0,0.0,2021-04-07_15:14:50
0.0,0.0,0.0,0.0,0.0,0.0,2021-04-07_15:14:50
0.0,0.0,0.0,0.0,0.0,0.0,2021-04-07_15:14:50
0.0,0.0,0.0,0.0,0.0,0.0,2021-04-07_15:14:51
0.0,0.0,0.0,0.0,0.0,0.0,2021-04-07_15:14:51
0.0,0.0,0.0,0.0,0.0,0.0,2021-04-07_15:14:51
0.0,0.0,0.0,0.0,0.0,0.0,2021-04-07_15:14:51
0.0,0.0,0.0,0.0,0.0,0.0,2021-04-07_15:14:51
0.0,0.0,0.0,0.0,0.0,0.0,2021-04-07_15:14:51
0.0,0.0,0.0,0.0,0.0,0.0,2021-04-07_15:14:51
0.0,0.0,0.0,0.0,0.0,0.0,2021-04-07_15:14:51
0.0,0.0,0.0,0.0,0.0,0.0,2021-04-07_15:14:51
0.0,0.0,0.0,0.0,0.0,0.0,2021-04-07_15:14:51
0.0,0.0,0.0,0.0,0.0,0.0,2021-04-07_15:14:51
0.0,0.0,0.0,0.0,0.0,0.0,2021-04-07_15:14:51
0.01,0.0,0.0,0.0,0.0,0.0,2021-04-07_15:14:51
0.0,0.0,0.0,0.0,0.0,0.0,2021-04-07_15:14:51
0.0,0.0,0.0,0.0,0.0,0.0,2021-04-07_15:14:52
0.0,0.0,0.0,0.0,0.0,0.0,2021-04-07_15:14:52
0.0,0.0,0.0,-0.01,0.01,0.0,2021-04-07_15:14:52
0.0,0.0,0.0,0.0,0.0,0.0,2021-04-07_15:14:52
0.0,0.0,0.0,0.0,0.0,0.0,2021-04-07_15:14:52
0.0,0.0,0.0,0.0,0.0,0.0,2021-04-07_15:14:52
0.0,0.0,0.0,0.0,0.0,0.0,2021-04-07_15:14:52
0.0,0.0,-0.01,0.01,0.0,0.0,2021-04-07_15:14:52
0.0,-0.01,0.01,0.0,0.0,0.0,2021-04-07_15:14:52
-0.01,0.01,0.0,0.0,0.0,0.0,2021-04-07_15:14:52
0.0,0.0,0.0,0.0,0.0,0.0,2021-04-07_15:14:52
0.01,0.0,0.0,-0.01,0.01,0.0,2021-04-07_15:14:52
0.0,0.0,0.0,0.0,0.0,0.0,2021-04-07_15:14:52
0.0,-0.01,0.0,0.01,0.0,0.0,2021-04-07_15:14:53
0.0,0.01,0.0,0.0,0.0,0.0,2021-04-07_15:14:53
0.0,0.0,0.0,-0.01,0.01,0.0,2021-04-07_15:14:53
0.0,0.0,0.0,0.01,0.0,0.0,2021-04-07_15:14:53
0.0,0.0,0.0,-0.01,0.02,0.0,2021-04-07_15:14:53
-0.01,0.0,0.0,0.0,0.01,0.0,2021-04-07_15:14:53
0.01,-0.01,0.01,0.0,0.0,0.0,2021-04-07_15:14:53
-0.01,0.02,-0.01,0.01,0.0,0.0,2021-04-07_15:14:53
0.01,-0.01,0.01,-0.01,0.02,0.0,2021-04-07_15:14:53
0.0,0.0,-0.01,0.01,0.02,0.0,2021-04-07_15:14:53
0.02,0.0,0.01,-0.01,0.02,0.0,2021-04-07_15:14:53
-0.01,0.01,-0.01,0.0,0.04,0.0,2021-04-07_15:14:53
0.0,-0.02,0.0,-0.01,0.04,0.0,2021-04-07_15:14:53
-0.01,0.01,0.0,0.02,0.02,0.0,2021-04-07_15:14:54
0.0,0.0,0.0,0.01,0.04,0.0,2021-04-07_15:14:54
0.01,0.01,0.02,0.01,0.03,0.0,2021-04-07_15:14:54
0.0,0.02,0.02,-0.02,0.08,0.0,2021-04-07_15:14:54
0.05,0.02,-0.02,0.01,0.12,0.0,2021-04-07_15:14:54
0.0,-0.04,-0.05,-0.05,0.25,0.0,2021-04-07_15:14:54
-0.05,0.04,0.05,0.02,0.05,0.0,2021-04-07_15:14:54
0.01,-0.03,0.04,0.07,0.15,0.0,2021-04-07_15:14:54
-0.04,-0.06,0.02,0.02,0.37,0.0,2021-04-07_15:14:54
0.04,0.03,-0.08,-0.07,0.14,0.0,2021-04-07_15:14:54
-0.01,0.02,-0.01,-0.01,0.04,0.0,2021-04-07_15:14:54
-0.01,0.0,0.02,0.01,0.02,0.0,2021-04-07_15:14:54
-0.01,0.0,-0.02,-0.01,0.05,0.0,2021-04-07_15:14:54
0.0,-0.01,0.01,0.0,-0.01,0.0,2021-04-07_15:14:54
0.02,0.0,0.0,-0.01,0.02,0.0,2021-04-07_15:14:55
-0.01,0.0,-0.01,0.02,0.0,0.0,2021-04-07_15:14:55
0.0,0.0,-0.01,0.01,0.01,0.0,2021-04-07_15:14:55
0.0,-0.01,0.01,-0.02,0.0,0.0,2021-04-07_15:14:55
0.0,0.0,0.02,0.0,-0.01,0.0,2021-04-07_15:14:55
0.0,0.01,-0.02,0.01,0.0,0.0,2021-04-07_15:14:55
-0.02,0.01,0.0,0.0,-0.02,0.0,2021-04-07_15:14:55
0.05,-0.03,0.02,-0.07,-0.01,0.0,2021-04-07_15:14:55
-0.09,-0.04,-0.13,0.04,-0.12,0.0,2021-04-07_15:14:55
-0.02,-0.08,0.09,-0.03,-0.42,0.0,2021-04-07_15:14:55
-0.04,0.05,-0.01,0.07,-0.33,0.0,2021-04-07_15:14:55
0.07,0.04,0.0,-0.01,-0.24,0.0,2021-04-07_15:14:55
0.03,0.04,0.05,0.0,-0.17,0.0,2021-04-07_15:14:55
0.01,0.02,-0.03,-0.01,-0.05,0.0,2021-04-07_15:14:56
0.01,-0.02,0.0,-0.02,-0.02,0.0,2021-04-07_15:14:56
-0.02,0.0,0.01,0.02,-0.04,0.0,2021-04-07_15:14:56
0.01,-0.01,0.01,0.0,-0.03,0.0,2021-04-07_15:14:56
0.0,0.01,0.0,0.0,-0.02,0.0,2021-04-07_15:14:56
0.01,0.0,0.0,0.0,-0.02,0.0,2021-04-07_15:14:56
-0.01,0.01,-0.01,0.0,-0.01,0.0,2021-04-07_15:14:56
0.0,0.0,0.0,0.0,-0.01,0.0,2021-04-07_15:14:56
0.0,0.0,0.0,0.0,-0.01,0.0,2021-04-07_15:14:56
0.0,0.0,0.0,0.0,-0.01,0.0,2021-04-07_15:14:56
0.01,-0.01,0.01,0.0,-0.01,0.0,2021-04-07_15:14:56
0.0,0.0,0.0,0.0,0.0,0.0,2021-04-07_15:14:56
0.0,0.01,-0.01,0.01,-0.01,0.0,2021-04-07_15:14:56
0.0,0.0,0.0,0.0,0.0,0.0,2021-04-07_15:14:57
-0.01,0.0,0.01,-0.01,0.0,0.0,2021-04-07_15:14:57
0.01,-0.01,0.0,0.0,0.0,0.0,2021-04-07_15:14:57
0.0,0.0,0.0,0.0,0.0,0.0,2021-04-07_15:14:57
0.0,0.0,0.0,0.0,0.0,0.0,2021-04-07_15:14:57
0.0,0.0,0.0,0.0,0.0,0.0,2021-04-07_15:14:57
0.0,0.0,0.0,0.01,-0.01,0.0,2021-04-07_15:14:57
0.0,0.0,0.0,0.0,0.0,0.0,2021-04-07_15:14:57
0.0,0.01,-0.01,0.0,0.0,0.0,2021-04-07_15:14:57
0.0,0.0,0.0,0.0,0.0,0.0,2021-04-07_15:14:57
-0.01,0.0,0.0,0.0,0.0,0.0,2021-04-07_15:14:57
0.0,0.0,0.0,0.0,0.0,0.0,2021-04-07_15:14:57
0.0,0.0,0.01,-0.01,0.0,0.0,2021-04-07_15:14:57
0.0,0.0,0.0,0.0,0.0,0.0,2021-04-07_15:14:57
0.0,0.0,0.0,0.0,0.0,0.0,2021-04-07_15:14:58
0.0,0.0,0.0,0.0,0.0,0.0,2021-04-07_15:14:58
0.0,0.0,0.0,0.0,0.0,0.0,2021-04-07_15:14:58
0.0,0.0,0.0,0.0,0.0,0.0,2021-04-07_15:14:58
0.01,-0.01,0.0,0.0,0.0,0.0,2021-04-07_15:14:58
0.0,0.0,0.0,0.0,0.0,0.0,2021-04-07_15:14:58
0.0,0.0,0.0,0.01,-0.01,0.0,2021-04-07_15:14:58
0.0,0.0,0.0,0.0,0.0,0.0,2021-04-07_15:14:58
0.0,0.0,0.0,0.0,0.0,0.0,2021-04-07_15:14:58
0.0,0.0,0.0,0.0,0.0,0.0,2021-04-07_15:14:58
0.0,0.0,0.0,0.0,0.0,0.0,2021-04-07_15:14:58
0.0,0.0,0.0,0.0,0.0,0.0,2021-04-07_15:14:58
0.0,0.0,0.0,0.0,0.0,0.0,2021-04-07_15:14:58
0.0,0.0,0.0,0.0,0.0,0.0,2021-04-07_15:14:59
0.0,0.0,0.0,0.0,0.0,0.0,2021-04-07_15:14:59
0.0,0.0,0.0,0.0,0.0,0.0,2021-04-07_15:14:59
0.0,0.0,0.0,0.0,0.0,0.0,2021-04-07_15:14:59
0.0,0.0,0.0,0.0,0.0,0.0,2021-04-07_15:14:59
0.0,0.0,0.0,0.0,0.0,0.0,2021-04-07_15:14:59
0.0,0.0,0.0,0.0,0.0,0.0,2021-04-07_15:14:59
0.0,0.0,0.0,0.0,0.0,0.0,2021-04-07_15:14:59
0.0,0.0,0.0,0.0,0.0,0.0,2021-04-07_15:14:59
0.0,0.0,0.0,0.0,0.0,0.0,2021-04-07_15:14:59
0.0,0.0,0.0,0.0,0.0,0.0,2021-04-07_15:14:59
0.0,0.0,0.0,0.0,0.0,0.0,2021-04-07_15:14:59
0.0,0.0,0.0,0.0,0.0,0.0,2021-04-07_15:14:59
0.0,0.0,0.0,0.0,0.0,0.0,2021-04-07_15:14:59
0.0,0.0,0.0,0.0,0.0,0.0,2021-04-07_15:15:00
0.0,0.0,0.0,0.0,0.0,0.0,2021-04-07_15:15:00
0.0,0.0,0.0,0.0,0.0,0.0,2021-04-07_15:15:00
0.0,0.0,0.0,0.0,0.0,0.0,2021-04-07_15:15:00
0.0,0.0,0.0,0.0,0.0,0.0,2021-04-07_15:15:00
0.0,0.0,0.0,0.0,0.0,0.0,2021-04-07_15:15:00
0.0,0.0,0.0,0.0,0.0,0.0,2021-04-07_15:15:00
0.0,0.0,0.0,0.0,0.0,0.0,2021-04-07_15:15:00
0.0,0.0,0.0,0.0,0.0,0.0,2021-04-07_15:15:00
0.0,0.0,0.0,0.0,0.0,0.0,2021-04-07_15:15:00
0.0,0.0,0.0,0.0,0.0,0.0,2021-04-07_15:15:00
0.0,0.0,0.0,0.0,0.0,0.0,2021-04-07_15:15:00
0.0,0.0,0.0,0.0,0.0,0.0,2021-04-07_15:15:00
0.0,0.0,0.0,0.0,0.0,0.0,2021-04-07_15:15:01
0.0,0.0,0.0,0.0,0.0,0.0,2021-04-07_15:15:01
0.0,0.0,0.0,0.0,0.0,0.0,2021-04-07_15:15:01
0.0,0.0,0.0,0.0,0.0,0.0,2021-04-07_15:15:01
0.0,0.0,0.0,0.0,0.0,0.0,2021-04-07_15:15:01
0.0,0.0,0.0,0.0,0.0,0.0,2021-04-07_15:15:01
0.0,0.0,0.0,0.0,0.0,0.0,2021-04-07_15:15:01
0.0,0.0,0.0,0.0,0.0,0.0,2021-04-07_15:15:01
0.0,0.0,0.0,0.0,0.0,0.0,2021-04-07_15:15:01
0.0,0.0,0.0,0.0,0.0,0.0,2021-04-07_15:15:01
0.0,0.0,0.0,0.0,0.0,0.0,2021-04-07_15:15:01
0.0,0.0,0.0,0.0,0.0,0.0,2021-04-07_15:15:01
0.0,0.0,0.0,0.0,0.0,0.0,2021-04-07_15:15:01
0.0,0.0,0.0,0.0,0.0,0.0,2021-04-07_15:15:02
-0.01,0.01,0.0,0.0,0.0,0.0,2021-04-07_15:15:02
0.01,-0.01,0.0,0.0,0.0,0.0,2021-04-07_15:15:02
0.0,0.0,0.0,0.0,0.0,0.0,2021-04-07_15:15:02
0.0,0.0,0.0,0.0,0.0,0.0,2021-04-07_15:15:02
-0.01,0.01,0.0,0.0,0.0,0.0,2021-04-07_15:15:02
0.0,0.0,0.0,0.0,0.0,0.0,2021-04-07_15:15:02
0.0,0.0,0.0,0.0,0.0,0.0,2021-04-07_15:15:02
0.01,-0.01,0.0,0.0,0.0,0.0,2021-04-07_15:15:02
-0.01,0.01,0.0,0.0,0.0,0.0,2021-04-07_15:15:02
0.0,0.0,0.0,0.0,0.0,0.0,2021-04-07_15:15:02
0.0,0.0,0.0,0.0,0.0,0.0,2021-04-07_15:15:02
0.01,-0.01,0.0,0.0,0.0,0.0,2021-04-07_15:15:02
-0.01,0.01,0.0,0.0,0.0,0.0,2021-04-07_15:15:02
0.0,0.0,0.0,0.0,0.0,0.0,2021-04-07_15:15:03
0.0,0.0,0.0,0.0,0.0,0.0,2021-04-07_15:15:03
0.0,0.0,0.0,0.0,0.0,0.0,2021-04-07_15:15:03
0.0,0.0,0.0,0.0,0.0,0.0,2021-04-07_15:15:03
0.0,0.0,0.0,0.0,0.0,0.0,2021-04-07_15:15:03
0.0,0.0,0.0,0.0,0.0,0.0,2021-04-07_15:15:03
0.0,0.0,0.0,0.0,0.0,0.0,2021-04-07_15:15:03
0.0,0.0,0.0,0.0,0.0,0.0,2021-04-07_15:15:03
0.0,0.0,0.0,0.0,0.0,0.0,2021-04-07_15:15:03
0.0,0.0,0.0,0.0,0.0,0.0,2021-04-07_15:15:03
0.0,0.0,0.0,0.0,0.0,0.0,2021-04-07_15:15:03
0.0,0.0,0.0,0.0,0.0,0.0,2021-04-07_15:15:03
0.0,0.0,0.0,0.0,0.0,0.0,2021-04-07_15:15:03
0.0,0.0,0.0,0.0,0.0,0.0,2021-04-07_15:15:04
0.0,0.0,0.0,0.0,0.0,0.0,2021-04-07_15:15:04
0.0,0.0,0.0,0.0,0.0,0.0,2021-04-07_15:15:04
0.0,0.0,0.0,0.0,0.0,0.0,2021-04-07_15:15:04
0.0,0.0,0.0,0.0,0.0,0.0,2021-04-07_15:15:04
0.0,0.0,0.0,0.0,0.0,0.0,2021-04-07_15:15:04
0.0,0.0,0.0,0.0,0.0,0.0,2021-04-07_15:15:04
0.0,0.0,0.0,0.0,0.0,0.0,2021-04-07_15:15:04
0.0,0.0,0.0,0.0,0.0,0.0,2021-04-07_15:15:04
0.0,0.0,0.0,0.0,0.0,0.0,2021-04-07_15:15:04
0.0,0.0,0.0,0.0,0.0,0.0,2021-04-07_15:15:04
0.0,0.0,0.0,0.0,0.0,0.0,2021-04-07_15:15:04
0.0,0.0,0.0,0.0,0.0,0.0,2021-04-07_15:15:04
0.0,0.0,0.0,0.0,0.0,0.0,2021-04-07_15:15:05
0.0,0.0,0.0,0.0,0.0,0.0,2021-04-07_15:15:05
0.0,0.0,0.0,0.0,0.0,0.0,2021-04-07_15:15:05
0.0,0.0,0.0,0.0,0.0,0.0,2021-04-07_15:15:05
0.0,0.0,0.0,0.0,0.0,0.0,2021-04-07_15:15:05
0.0,0.0,0.0,0.0,0.0,0.0,2021-04-07_15:15:05
0.0,0.0,0.0,0.0,0.0,0.0,2021-04-07_15:15:05
0.0,0.0,0.0,0.0,0.0,0.0,2021-04-07_15:15:05
0.0,0.0,0.0,0.0,0.0,0.0,2021-04-07_15:15:05
0.0,0.0,0.0,0.0,0.0,0.0,2021-04-07_15:15:05
0.0,0.0,0.0,0.0,0.0,0.0,2021-04-07_15:15:05
0.0,0.0,0.0,0.0,0.0,0.0,2021-04-07_15:15:05
0.0,0.0,0.0,0.0,0.0,0.0,2021-04-07_15:15:05
0.0,0.0,0.0,0.0,0.0,0.0,2021-04-07_15:15:05
0.0,0.0,0.0,0.0,0.0,0.0,2021-04-07_15:15:06
0.0,0.0,0.0,0.0,0.0,0.0,2021-04-07_15:15:06
0.0,0.0,0.0,0.0,0.0,0.0,2021-04-07_15:15:06
0.0,0.0,0.0,0.0,0.0,0.0,2021-04-07_15:15:06
0.0,0.0,0.0,0.0,0.0,0.0,2021-04-07_15:15:06
0.0,0.0,0.0,0.0,0.0,0.0,2021-04-07_15:15:06
0.0,0.0,0.0,0.0,0.0,0.0,2021-04-07_15:15:06
0.0,0.0,0.0,0.0,0.0,0.0,2021-04-07_15:15:06
0.0,0.0,0.0,0.0,0.0,0.0,2021-04-07_15:15:06
0.0,0.0,0.0,0.0,0.0,0.0,2021-04-07_15:15:06
0.0,0.0,0.0,0.0,0.0,0.0,2021-04-07_15:15:06
0.0,0.0,0.0,0.0,0.0,0.0,2021-04-07_15:15:06
0.0,0.0,0.0,0.0,0.0,0.0,2021-04-07_15:15:06
0.0,0.0,0.0,0.0,0.0,0.0,2021-04-07_15:15:07
0.0,0.0,0.0,0.0,0.0,0.0,2021-04-07_15:15:07
0.0,0.0,0.0,0.0,0.0,0.0,2021-04-07_15:15:07
0.0,0.0,0.0,0.0,0.0,0.0,2021-04-07_15:15:07
0.0,0.0,0.0,0.0,0.0,0.0,2021-04-07_15:15:07
0.0,0.0,0.0,0.0,0.0,0.0,2021-04-07_15:15:07
0.0,0.0,0.0,0.0,0.0,0.0,2021-04-07_15:15:07
0.0,0.0,0.0,0.0,0.0,0.0,2021-04-07_15:15:07
0.0,0.0,0.0,0.0,0.0,0.0,2021-04-07_15:15:07
0.0,0.0,0.0,0.0,0.0,0.0,2021-04-07_15:15:07
0.0,0.0,0.0,0.0,0.0,0.0,2021-04-07_15:15:07
0.0,0.0,0.0,0.0,0.0,0.0,2021-04-07_15:15:07
0.0,0.0,0.0,0.0,0.0,0.0,2021-04-07_15:15:07
0.0,0.0,0.0,0.0,0.0,0.0,2021-04-07_15:15:07
0.0,0.0,0.0,0.0,0.0,0.0,2021-04-07_15:15:08
0.0,0.0,0.0,0.0,0.0,0.0,2021-04-07_15:15:08
0.0,0.0,0.0,0.0,0.0,0.0,2021-04-07_15:15:08
0.0,0.0,0.0,0.0,0.0,0.0,2021-04-07_15:15:08
0.0,0.0,0.0,0.0,0.0,0.0,2021-04-07_15:15:08
0.0,0.0,0.0,0.0,0.0,0.0,2021-04-07_15:15:08
0.0,0.0,0.0,0.0,0.0,0.0,2021-04-07_15:15:08
0.0,0.0,0.0,0.0,0.0,0.0,2021-04-07_15:15:08
0.0,0.0,0.0,0.0,0.0,0.0,2021-04-07_15:15:08
0.0,0.0,0.0,0.0,0.0,0.0,2021-04-07_15:15:08
0.0,0.0,0.0,0.0,0.0,0.0,2021-04-07_15:15:08
0.0,0.0,0.0,0.0,0.0,0.0,2021-04-07_15:15:08
0.0,0.0,0.0,0.0,0.0,0.0,2021-04-07_15:15:08
0.0,0.0,0.0,0.0,0.0,0.0,2021-04-07_15:15:09
0.0,0.0,0.0,0.0,0.0,0.0,2021-04-07_15:15:09
0.0,0.0,0.0,0.0,0.0,0.0,2021-04-07_15:15:09
0.0,0.0,0.0,0.0,0.0,0.0,2021-04-07_15:15:09
0.0,0.0,0.0,0.0,0.0,0.0,2021-04-07_15:15:09
0.0,0.0,0.0,0.0,0.0,0.0,2021-04-07_15:15:09
0.0,0.0,0.0,0.0,0.0,0.0,2021-04-07_15:15:09
0.0,0.0,0.0,0.0,0.0,0.0,2021-04-07_15:15:09
0.0,0.0,0.0,0.0,0.0,0.0,2021-04-07_15:15:09
0.0,0.0,0.0,0.0,0.0,0.0,2021-04-07_15:15:09
0.0,0.0,0.0,0.0,0.0,0.0,2021-04-07_15:15:09
0.0,0.0,0.0,0.0,0.0,0.0,2021-04-07_15:15:09
0.0,0.0,0.0,0.0,0.0,0.0,2021-04-07_15:15:09
0.0,0.0,0.0,0.0,0.0,0.0,2021-04-07_15:15:10
0.0,0.0,0.0,0.0,0.0,0.0,2021-04-07_15:15:10
0.0,0.0,0.0,0.0,0.0,0.0,2021-04-07_15:15:10
0.0,0.0,0.0,0.0,0.0,0.0,2021-04-07_15:15:10
0.0,0.0,0.0,0.0,0.0,0.0,2021-04-07_15:15:10
0.0,0.0,0.0,0.0,0.0,0.0,2021-04-07_15:15:10
0.0,0.0,0.0,0.0,0.0,0.0,2021-04-07_15:15:10
0.0,0.0,0.0,0.0,0.0,0.0,2021-04-07_15:15:10
0.0,0.0,0.0,0.0,0.0,0.0,2021-04-07_15:15:10
0.0,0.0,0.0,0.0,0.0,0.0,2021-04-07_15:15:10
0.0,0.0,0.0,0.0,0.0,0.0,2021-04-07_15:15:10
0.01,-0.01,0.0,0.0,0.0,0.0,2021-04-07_15:15:10
-0.01,0.01,0.0,0.0,0.0,0.0,2021-04-07_15:15:10
0.0,0.0,0.0,0.0,0.0,0.0,2021-04-07_15:15:10
0.0,0.0,0.0,0.0,0.0,0.0,2021-04-07_15:15:11
0.01,-0.01,0.0,0.0,0.0,0.0,2021-04-07_15:15:11
-0.01,0.01,0.0,0.0,0.0,0.0,2021-04-07_15:15:11
0.0,0.0,0.0,0.0,0.0,0.0,2021-04-07_15:15:11
0.0,0.0,0.0,0.0,0.0,0.0,2021-04-07_15:15:11
0.01,-0.01,0.0,0.0,0.0,0.0,2021-04-07_15:15:11
-0.01,0.01,0.0,0.0,0.0,0.0,2021-04-07_15:15:11
0.0,0.0,0.0,0.0,0.0,0.0,2021-04-07_15:15:11
0.0,0.0,0.0,0.0,0.0,0.0,2021-04-07_15:15:11
0.01,-0.01,0.0,0.0,0.0,0.0,2021-04-07_15:15:11
-0.01,0.01,0.0,0.0,0.0,0.0,2021-04-07_15:15:11
0.01,-0.01,0.0,0.0,0.0,0.0,2021-04-07_15:15:11
0.0,0.0,0.0,0.0,0.0,0.0,2021-04-07_15:15:11
0.0,0.0,0.0,0.0,0.0,0.0,2021-04-07_15:15:12
-0.01,0.01,0.0,0.0,0.0,0.0,2021-04-07_15:15:12
0.01,-0.01,0.0,0.0,0.0,0.0,2021-04-07_15:15:12
0.0,0.0,0.0,0.0,0.0,0.0,2021-04-07_15:15:12
-0.01,0.01,0.0,0.0,0.0,0.0,2021-04-07_15:15:12
0.0,0.0,0.0,0.0,0.0,0.0,2021-04-07_15:15:12
0.0,0.0,0.0,0.0,0.0,0.0,2021-04-07_15:15:12
0.0,0.0,0.0,0.0,0.0,0.0,2021-04-07_15:15:12
0.0,0.0,0.0,0.0,0.0,0.0,2021-04-07_15:15:12
0.0,0.0,0.0,0.0,0.0,0.0,2021-04-07_15:15:12
0.0,0.0,0.0,0.0,0.0,0.0,2021-04-07_15:15:12
0.0,0.0,0.0,0.0,0.0,0.0,2021-04-07_15:15:12
0.0,0.0,0.0,0.0,0.0,0.0,2021-04-07_15:15:12
0.0,0.0,0.0,0.0,0.0,0.0,2021-04-07_15:15:13
0.0,0.0,0.0,0.0,0.0,0.0,2021-04-07_15:15:13
0.0,0.0,0.0,0.0,0.0,0.0,2021-04-07_15:15:13
0.0,0.0,0.0,0.0,0.0,0.0,2021-04-07_15:15:13
0.0,0.0,0.0,0.0,0.0,0.0,2021-04-07_15:15:13
0.01,0.0,0.0,0.0,0.0,0.0,2021-04-07_15:15:13
0.0,0.0,0.0,0.0,0.0,0.0,2021-04-07_15:15:13
0.0,0.0,0.0,0.0,0.0,0.0,2021-04-07_15:15:13
0.0,0.0,0.0,0.0,0.0,0.0,2021-04-07_15:15:13
0.0,0.0,0.0,0.0,0.0,0.0,2021-04-07_15:15:13
0.0,0.0,0.0,0.0,0.0,0.0,2021-04-07_15:15:13
0.0,0.0,-0.01,0.01,0.0,0.0,2021-04-07_15:15:13
0.0,0.0,0.0,0.0,0.0,0.0,2021-04-07_15:15:13
0.0,-0.01,0.01,0.01,-0.01,0.0,2021-04-07_15:15:13
0.0,0.0,0.0,0.0,0.0,0.0,2021-04-07_15:15:14
-0.01,0.01,0.0,0.0,0.0,0.0,2021-04-07_15:15:14
0.0,0.0,0.0,0.0,0.0,0.0,2021-04-07_15:15:14
0.01,0.0,0.0,0.0,0.0,0.0,2021-04-07_15:15:14
0.0,0.0,-0.01,0.01,0.0,0.0,2021-04-07_15:15:14
0.0,-0.01,0.01,0.0,0.0,0.0,2021-04-07_15:15:14
-0.01,0.01,0.0,0.0,0.0,0.0,2021-04-07_15:15:14
0.0,0.0,0.0,0.0,0.0,0.0,2021-04-07_15:15:14
0.01,0.0,-0.01,0.01,0.0,0.0,2021-04-07_15:15:14
-0.01,0.0,0.01,0.0,0.0,0.0,2021-04-07_15:15:14
0.01,-0.01,0.0,0.01,0.0,0.0,2021-04-07_15:15:14
-0.01,0.01,0.0,0.0,0.0,0.0,2021-04-07_15:15:14
0.01,-0.01,0.0,0.01,0.0,0.0,2021-04-07_15:15:14
0.0,0.01,0.0,0.0,0.0,0.0,2021-04-07_15:15:15
0.0,0.0,0.0,0.01,0.0,0.0,2021-04-07_15:15:15
0.0,-0.01,-0.01,0.02,0.0,0.0,2021-04-07_15:15:15
0.0,0.01,0.0,0.0,0.0,0.0,2021-04-07_15:15:15
0.0,-0.01,0.01,0.01,0.0,0.0,2021-04-07_15:15:15
0.0,0.01,0.0,0.02,0.0,0.0,2021-04-07_15:15:15
-0.01,0.0,0.01,0.04,0.0,0.0,2021-04-07_15:15:15
0.01,-0.01,0.0,0.03,0.0,0.0,2021-04-07_15:15:15
0.0,0.02,-0.01,0.02,0.0,0.0,2021-04-07_15:15:15
0.0,-0.01,-0.01,0.02,0.0,0.0,2021-04-07_15:15:15
0.01,0.0,0.01,0.02,0.0,0.0,2021-04-07_15:15:15
-0.01,-0.01,-0.02,0.14,0.0,0.0,2021-04-07_15:15:15
-0.01,-0.01,0.03,0.12,0.0,0.0,2021-04-07_15:15:15
0.02,0.01,-0.02,0.08,0.0,0.0,2021-04-07_15:15:15
-0.01,0.04,0.03,0.08,0.0,0.0,2021-04-07_15:15:16
0.03,-0.02,0.02,0.09,0.0,0.0,2021-04-07_15:15:16
0.09,0.11,0.02,0.12,0.0,0.0,2021-04-07_15:15:16
0.01,-0.01,-0.04,0.34,0.0,0.0,2021-04-07_15:15:16
-0.1,-0.07,0.03,0.32,0.0,0.0,2021-04-07_15:15:16
0.04,-0.02,-0.06,0.37,0.0,0.0,2021-04-07_15:15:16
0.02,0.03,0.1,0.59,0.0,0.0,2021-04-07_15:15:16
-0.05,0.04,0.09,0.69,0.0,0.0,2021-04-07_15:15:16
-0.31,-0.35,-0.02,0.81,0.0,0.0,2021-04-07_15:15:16
0.0,-0.05,-0.42,0.47,0.0,0.0,2021-04-07_15:15:16
0.0,0.0,0.0,0.0,0.0,0.0,2021-04-07_15:15:16
0.0,0.0,0.0,0.0,0.0,0.0,2021-04-07_15:15:16
0.0,0.0,0.0,0.0,0.0,0.0,2021-04-07_15:15:16
0.0,0.0,0.0,0.0,0.0,0.0,2021-04-07_15:15:17
0.0,0.0,0.0,0.0,0.0,0.0,2021-04-07_15:15:17
0.0,0.0,0.0,0.0,0.0,0.0,2021-04-07_15:15:17
0.0,0.0,0.0,0.0,0.0,0.0,2021-04-07_15:15:17
0.0,0.0,0.0,0.0,0.0,0.0,2021-04-07_15:15:17
0.0,0.0,0.0,0.0,0.0,0.0,2021-04-07_15:15:17
0.0,0.0,0.0,0.0,0.0,0.0,2021-04-07_15:15:17
0.0,0.0,0.0,0.0,0.0,0.0,2021-04-07_15:15:17
0.0,0.0,0.0,0.0,0.0,0.0,2021-04-07_15:15:17
0.0,0.0,0.0,0.0,0.0,0.0,2021-04-07_15:15:17
0.0,0.0,0.0,0.0,0.0,0.0,2021-04-07_15:15:17
0.0,0.0,0.0,0.0,0.0,0.0,2021-04-07_15:15:17
0.0,0.0,0.0,0.0,0.0,0.0,2021-04-07_15:15:17
0.0,0.0,0.0,0.0,0.0,0.0,2021-04-07_15:15:18
0.0,0.0,0.0,0.0,0.0,0.0,2021-04-07_15:15:18
0.02,0.1,0.12,-1.51,0.0,0.0,2021-04-07_15:15:18
0.12,0.17,0.1,-1.13,0.0,0.0,2021-04-07_15:15:18
0.06,-0.06,-0.07,-0.59,0.0,0.0,2021-04-07_15:15:18
0.07,0.08,0.05,-0.52,0.0,0.0,2021-04-07_15:15:18
0.01,0.01,0.04,-0.2,0.0,0.0,2021-04-07_15:15:18
-0.02,-0.01,-0.01,-0.04,0.0,0.0,2021-04-07_15:15:18
-0.03,-0.02,-0.02,-0.08,0.0,0.0,2021-04-07_15:15:18
0.0,-0.01,0.04,-0.12,0.0,0.0,2021-04-07_15:15:18
0.02,0.03,0.0,-0.07,0.0,0.0,2021-04-07_15:15:18
0.02,0.01,0.0,-0.03,0.0,0.0,2021-04-07_15:15:18
-0.01,0.0,0.01,-0.01,0.0,0.0,2021-04-07_15:15:18
0.0,0.0,0.0,-0.03,0.0,0.0,2021-04-07_15:15:18
0.0,0.0,-0.02,-0.03,0.0,0.0,2021-04-07_15:15:19
0.01,0.0,0.01,-0.02,0.0,0.0,2021-04-07_15:15:19
-0.01,0.0,0.01,-0.01,0.0,0.0,2021-04-07_15:15:19
0.0,0.0,0.0,-0.01,0.0,0.0,2021-04-07_15:15:19
0.0,0.0,0.0,-0.01,0.0,0.0,2021-04-07_15:15:19
0.0,0.01,0.0,-0.01,0.0,0.0,2021-04-07_15:15:19
0.0,-0.01,0.0,0.0,0.0,0.0,2021-04-07_15:15:19
0.0,0.01,-0.01,0.0,0.0,0.0,2021-04-07_15:15:19
0.0,0.0,0.0,0.0,0.0,0.0,2021-04-07_15:15:19
0.0,-0.01,0.01,-0.01,0.0,0.0,2021-04-07_15:15:19
0.01,0.0,-0.01,0.0,0.0,0.0,2021-04-07_15:15:19
0.0,0.0,0.01,-0.01,0.0,0.0,2021-04-07_15:15:19
0.0,0.0,0.0,0.0,0.0,0.0,2021-04-07_15:15:19
0.0,0.0,0.0,0.0,0.0,0.0,2021-04-07_15:15:20
-0.01,0.0,0.0,0.0,0.0,0.0,2021-04-07_15:15:20
0.0,0.01,-0.01,0.0,0.0,0.0,2021-04-07_15:15:20
0.0,0.0,0.0,0.0,0.0,0.0,2021-04-07_15:15:20
0.0,0.0,0.0,0.0,0.0,0.0,2021-04-07_15:15:20
0.0,0.0,0.01,-0.01,0.0,0.0,2021-04-07_15:15:20
0.0,0.0,0.0,0.0,0.0,0.0,2021-04-07_15:15:20
0.0,0.0,0.0,0.0,0.0,0.0,2021-04-07_15:15:20
0.0,0.0,0.0,0.0,0.0,0.0,2021-04-07_15:15:20
0.0,0.0,0.0,0.0,0.0,0.0,2021-04-07_15:15:20
0.01,-0.01,0.0,0.0,0.0,0.0,2021-04-07_15:15:20
0.0,0.0,0.0,0.0,0.0,0.0,2021-04-07_15:15:20
0.0,0.0,0.0,0.0,0.0,0.0,2021-04-07_15:15:20
0.0,0.0,0.0,0.0,0.0,0.0,2021-04-07_15:15:20
0.0,0.0,0.0,0.0,0.0,0.0,2021-04-07_15:15:21
0.0,0.0,0.0,0.0,0.0,0.0,2021-04-07_15:15:21
0.0,0.0,0.0,0.0,0.0,0.0,2021-04-07_15:15:21
0.0,0.0,0.0,0.0,0.0,0.0,2021-04-07_15:15:21
0.0,0.0,0.0,0.0,0.0,0.0,2021-04-07_15:15:21
0.0,0.0,0.0,0.0,0.0,0.0,2021-04-07_15:15:21
0.0,0.0,0.0,-0.01,0.01,0.0,2021-04-07_15:15:21
0.0,0.0,0.0,0.0,0.0,0.0,2021-04-07_15:15:21
0.0,0.0,0.01,-0.01,0.0,0.0,2021-04-07_15:15:21
0.0,0.0,0.0,0.0,0.0,0.0,2021-04-07_15:15:21
0.0,0.0,0.0,0.0,0.0,0.0,2021-04-07_15:15:21
0.0,0.01,-0.01,0.0,0.0,0.0,2021-04-07_15:15:21
0.0,0.0,0.0,0.0,0.0,0.0,2021-04-07_15:15:21
0.0,0.0,0.0,0.0,0.0,0.0,2021-04-07_15:15:22
0.0,0.0,0.0,0.0,0.0,0.0,2021-04-07_15:15:22
0.0,0.0,0.0,0.0,0.0,0.0,2021-04-07_15:15:22
0.0,0.0,0.0,0.0,0.0,0.0,2021-04-07_15:15:22
0.0,0.0,0.0,0.0,0.0,0.0,2021-04-07_15:15:22
0.0,0.0,0.0,0.0,0.0,0.0,2021-04-07_15:15:22
0.0,0.0,0.0,0.0,0.0,0.0,2021-04-07_15:15:22
0.0,0.0,0.0,0.0,0.0,0.0,2021-04-07_15:15:22
0.0,0.0,0.0,0.0,0.0,0.0,2021-04-07_15:15:22
0.0,0.0,0.0,0.0,0.0,0.0,2021-04-07_15:15:22
0.0,0.0,0.0,0.0,0.0,0.0,2021-04-07_15:15:22
0.0,0.0,0.0,0.0,0.0,0.0,2021-04-07_15:15:22
0.0,0.0,0.0,0.0,0.0,0.0,2021-04-07_15:15:22
0.0,0.0,0.0,0.0,0.0,0.0,2021-04-07_15:15:23
0.0,0.0,0.0,0.0,0.0,0.0,2021-04-07_15:15:23
0.0,0.0,0.0,0.0,0.0,0.0,2021-04-07_15:15:23
0.0,0.0,0.0,0.0,0.0,0.0,2021-04-07_15:15:23
0.0,0.0,0.0,0.0,0.0,0.0,2021-04-07_15:15:23
0.0,0.0,0.0,0.0,0.0,0.0,2021-04-07_15:15:23
0.0,0.0,0.0,0.0,0.0,0.0,2021-04-07_15:15:23
0.0,0.0,0.0,0.0,0.0,0.0,2021-04-07_15:15:23
0.0,0.0,0.0,0.0,0.0,0.0,2021-04-07_15:15:23
0.0,0.0,0.0,0.0,0.0,0.0,2021-04-07_15:15:23
0.0,0.0,0.0,0.0,0.0,0.0,2021-04-07_15:15:23
0.0,0.0,0.0,0.0,0.0,0.0,2021-04-07_15:15:23
0.0,0.0,0.0,0.0,0.0,0.0,2021-04-07_15:15:23
0.0,0.0,0.0,0.0,0.0,0.0,2021-04-07_15:15:23
0.0,0.0,0.0,0.0,0.0,0.0,2021-04-07_15:15:24
0.0,0.0,0.0,0.0,0.0,0.0,2021-04-07_15:15:24
0.0,0.0,0.0,0.0,0.0,0.0,2021-04-07_15:15:24
0.0,0.0,0.0,0.0,0.0,0.0,2021-04-07_15:15:24
0.0,0.0,0.0,0.0,0.0,0.0,2021-04-07_15:15:24
0.0,0.0,0.0,0.0,0.0,0.0,2021-04-07_15:15:24
0.0,0.0,0.0,0.0,0.0,0.0,2021-04-07_15:15:24
0.0,0.0,0.0,0.0,0.0,0.0,2021-04-07_15:15:24
0.0,0.0,0.0,0.0,0.0,0.0,2021-04-07_15:15:24
0.0,0.0,0.0,0.0,0.0,0.0,2021-04-07_15:15:24
0.0,0.0,0.0,0.0,0.0,0.0,2021-04-07_15:15:24
0.0,0.0,0.0,0.0,0.0,0.0,2021-04-07_15:15:24
0.0,0.0,0.0,0.0,0.0,0.0,2021-04-07_15:15:24
0.0,0.0,0.0,0.0,0.0,0.0,2021-04-07_15:15:25
0.0,0.0,0.0,0.0,0.0,0.0,2021-04-07_15:15:25
0.0,0.0,0.0,0.0,0.0,0.0,2021-04-07_15:15:25
0.0,0.0,0.0,0.0,0.0,0.0,2021-04-07_15:15:25
0.0,0.0,0.0,0.0,0.0,0.0,2021-04-07_15:15:25
0.0,0.0,0.0,0.0,0.0,0.0,2021-04-07_15:15:25
0.0,0.0,0.0,0.0,0.0,0.0,2021-04-07_15:15:25
0.0,0.0,0.0,0.0,0.0,0.0,2021-04-07_15:15:25
0.0,0.0,0.0,0.0,0.0,0.0,2021-04-07_15:15:25
0.0,0.0,0.0,0.0,0.0,0.0,2021-04-07_15:15:25
0.0,0.0,0.0,0.0,0.0,0.0,2021-04-07_15:15:25
0.0,0.0,0.0,0.0,0.0,0.0,2021-04-07_15:15:25
0.0,0.0,0.0,0.0,0.0,0.0,2021-04-07_15:15:25
0.0,0.0,0.0,0.0,0.0,0.0,2021-04-07_15:15:26
0.0,0.0,0.0,0.0,0.0,0.0,2021-04-07_15:15:26
0.0,0.0,0.0,0.0,0.0,0.0,2021-04-07_15:15:26
0.0,0.0,0.0,0.0,0.0,0.0,2021-04-07_15:15:26
0.0,0.0,0.0,0.0,0.0,0.0,2021-04-07_15:15:26
0.0,0.0,0.0,0.0,0.0,0.0,2021-04-07_15:15:26
0.0,0.0,0.0,0.0,0.0,0.0,2021-04-07_15:15:26
0.0,0.0,0.0,0.0,0.0,0.0,2021-04-07_15:15:26
0.0,0.0,0.0,0.0,0.0,0.0,2021-04-07_15:15:26
0.0,0.0,0.0,0.0,0.0,0.0,2021-04-07_15:15:26
0.0,0.0,0.0,0.0,0.0,0.0,2021-04-07_15:15:26
0.0,0.0,0.0,0.0,0.0,0.0,2021-04-07_15:15:26
0.0,0.0,0.0,0.0,0.0,0.0,2021-04-07_15:15:26
0.0,0.0,0.0,0.0,0.0,0.0,2021-04-07_15:15:26
0.0,0.0,0.0,0.0,0.0,0.0,2021-04-07_15:15:27
0.0,0.0,0.0,0.0,0.0,0.0,2021-04-07_15:15:27
0.0,0.0,0.0,0.0,0.0,0.0,2021-04-07_15:15:27
0.0,0.0,0.0,0.0,0.0,0.0,2021-04-07_15:15:27
0.0,0.0,0.0,0.0,0.0,0.0,2021-04-07_15:15:27
0.0,0.0,0.0,0.0,0.0,0.0,2021-04-07_15:15:27
0.0,0.0,0.0,0.0,0.0,0.0,2021-04-07_15:15:27
0.0,0.0,0.0,0.0,0.0,0.0,2021-04-07_15:15:27
0.0,0.0,0.0,0.0,0.0,0.0,2021-04-07_15:15:27
0.0,0.0,0.0,0.0,0.0,0.0,2021-04-07_15:15:27
0.0,0.0,0.0,0.0,0.0,0.0,2021-04-07_15:15:27
0.0,0.0,0.0,0.0,0.0,0.0,2021-04-07_15:15:27
0.0,0.0,0.0,0.0,0.0,0.0,2021-04-07_15:15:27
0.0,0.0,0.0,0.0,0.0,0.0,2021-04-07_15:15:28
0.0,0.0,0.0,0.0,0.0,0.0,2021-04-07_15:15:28
0.0,0.0,0.0,0.0,0.0,0.0,2021-04-07_15:15:28
0.0,0.0,0.0,0.0,0.0,0.0,2021-04-07_15:15:28
0.0,0.0,0.0,0.0,0.0,0.0,2021-04-07_15:15:28
0.0,0.0,0.0,0.0,0.0,0.0,2021-04-07_15:15:28
0.0,0.0,0.0,0.0,0.0,0.0,2021-04-07_15:15:28
0.0,0.0,0.0,0.0,0.0,0.0,2021-04-07_15:15:28
0.0,0.0,0.0,0.0,0.0,0.0,2021-04-07_15:15:28
0.0,0.0,0.0,0.0,0.0,0.0,2021-04-07_15:15:28
0.0,0.0,0.0,0.0,0.0,0.0,2021-04-07_15:15:28
0.0,0.0,0.0,0.0,0.0,0.0,2021-04-07_15:15:28
0.0,0.0,0.0,0.0,0.0,0.0,2021-04-07_15:15:28
0.0,0.0,0.0,0.0,0.0,0.0,2021-04-07_15:15:28
0.0,0.0,0.0,0.0,0.0,0.0,2021-04-07_15:15:29
0.0,0.0,0.0,0.0,0.0,0.0,2021-04-07_15:15:29
0.0,0.0,0.0,0.0,0.0,0.0,2021-04-07_15:15:29
0.0,0.0,0.0,0.0,0.0,0.0,2021-04-07_15:15:29
0.0,0.0,0.0,0.0,0.0,0.0,2021-04-07_15:15:29
0.0,0.0,0.0,0.0,0.0,0.0,2021-04-07_15:15:29
0.0,0.0,0.0,0.0,0.0,0.0,2021-04-07_15:15:29
0.0,0.0,0.0,0.0,0.0,0.0,2021-04-07_15:15:29
0.0,0.0,0.0,0.0,0.0,0.0,2021-04-07_15:15:29
0.0,0.0,0.0,0.0,0.0,0.0,2021-04-07_15:15:29
0.0,0.0,0.0,0.0,0.0,0.0,2021-04-07_15:15:29
0.0,0.0,0.0,0.0,0.0,0.0,2021-04-07_15:15:29
0.0,0.0,0.0,0.0,0.0,0.0,2021-04-07_15:15:29
0.0,0.0,0.0,0.0,0.0,0.0,2021-04-07_15:15:30
0.0,0.0,0.0,0.0,0.0,0.0,2021-04-07_15:15:30
0.0,0.0,0.0,0.0,0.0,0.0,2021-04-07_15:15:30
0.0,0.0,0.0,0.0,0.0,0.0,2021-04-07_15:15:30
0.0,0.0,0.0,0.0,0.0,0.0,2021-04-07_15:15:30
0.0,0.0,0.0,0.0,0.0,0.0,2021-04-07_15:15:30
0.0,0.0,0.0,0.0,0.0,0.0,2021-04-07_15:15:30
0.0,0.0,0.0,0.0,0.0,0.0,2021-04-07_15:15:30
0.0,0.0,0.0,0.0,0.0,0.0,2021-04-07_15:15:30
0.0,0.0,0.0,0.0,0.0,0.0,2021-04-07_15:15:30
0.0,0.0,0.0,0.0,0.0,0.0,2021-04-07_15:15:30
0.0,0.0,0.0,0.0,0.0,0.0,2021-04-07_15:15:30
0.0,0.0,0.0,0.0,0.0,0.0,2021-04-07_15:15:30
0.0,0.0,0.0,0.0,0.0,0.0,2021-04-07_15:15:31
0.0,0.0,0.0,0.0,0.0,0.0,2021-04-07_15:15:31
0.0,0.0,0.0,0.0,0.0,0.0,2021-04-07_15:15:31
-0.01,0.0,0.0,0.0,0.0,0.0,2021-04-07_15:15:31
0.0,0.0,0.0,0.0,0.0,0.0,2021-04-07_15:15:31
0.0,0.0,0.0,0.0,0.0,0.0,2021-04-07_15:15:31
0.0,0.0,0.0,0.0,0.0,0.0,2021-04-07_15:15:31
0.0,0.0,0.0,0.0,0.0,0.0,2021-04-07_15:15:31
0.0,0.0,0.0,0.0,0.0,0.0,2021-04-07_15:15:31
0.0,0.0,0.0,0.0,0.0,0.0,2021-04-07_15:15:31
0.0,0.0,0.0,0.0,0.0,0.0,2021-04-07_15:15:31
0.0,0.0,0.0,0.0,0.0,0.0,2021-04-07_15:15:31
0.0,0.0,0.0,0.0,0.0,0.0,2021-04-07_15:15:31
0.01,-0.01,0.0,0.0,0.0,0.0,2021-04-07_15:15:31
-0.01,0.01,0.0,0.0,0.0,0.0,2021-04-07_15:15:32
0.0,0.0,0.0,0.0,0.0,0.0,2021-04-07_15:15:32
0.01,-0.01,0.0,0.0,0.0,0.0,2021-04-07_15:15:32
0.0,0.0,0.0,0.0,0.0,0.0,2021-04-07_15:15:32
0.0,0.0,0.0,0.0,0.0,0.0,2021-04-07_15:15:32
0.0,0.0,0.0,0.0,0.0,0.0,2021-04-07_15:15:32
0.0,0.0,0.0,0.0,0.0,0.0,2021-04-07_15:15:32
0.0,0.0,0.0,0.0,0.0,0.0,2021-04-07_15:15:32
0.0,0.0,0.0,0.0,0.0,0.0,2021-04-07_15:15:32
0.0,0.0,0.0,0.0,0.0,0.0,2021-04-07_15:15:32
0.0,0.0,0.0,0.0,0.0,0.0,2021-04-07_15:15:32
0.0,0.0,0.0,0.0,0.0,0.0,2021-04-07_15:15:32
0.0,0.0,0.0,0.0,0.0,0.0,2021-04-07_15:15:32
0.0,0.0,0.0,0.0,0.0,0.0,2021-04-07_15:15:33
0.0,0.0,0.0,0.0,0.0,0.0,2021-04-07_15:15:33
0.0,0.0,0.0,0.0,0.0,0.0,2021-04-07_15:15:33
0.0,0.0,0.0,0.0,0.0,0.0,2021-04-07_15:15:33
0.0,0.0,0.01,-0.01,0.0,0.0,2021-04-07_15:15:33
0.0,0.0,0.0,0.0,0.0,0.0,2021-04-07_15:15:33
0.0,0.0,-0.01,0.01,0.0,0.0,2021-04-07_15:15:33
0.0,0.0,0.01,-0.01,0.0,0.0,2021-04-07_15:15:33
0.0,0.0,0.0,0.0,0.0,0.0,2021-04-07_15:15:33
0.0,0.0,0.0,0.0,0.0,0.0,2021-04-07_15:15:33
0.0,0.01,-0.01,0.0,0.0,0.0,2021-04-07_15:15:33
0.0,-0.01,0.01,0.0,0.0,0.0,2021-04-07_15:15:33
0.0,0.0,0.0,0.0,0.0,0.0,2021-04-07_15:15:33
0.0,0.0,0.0,0.0,0.0,0.0,2021-04-07_15:15:33
0.0,0.01,-0.01,0.0,0.0,0.0,2021-04-07_15:15:34
0.0,-0.01,0.01,0.0,0.0,0.0,2021-04-07_15:15:34
0.0,0.0,0.0,0.0,0.0,0.0,2021-04-07_15:15:34
0.0,0.0,0.0,0.0,0.0,0.0,2021-04-07_15:15:34
0.0,0.0,0.0,0.0,0.0,0.0,2021-04-07_15:15:34
0.0,0.0,0.0,0.0,0.0,0.0,2021-04-07_15:15:34
0.0,0.0,0.0,0.0,0.0,0.0,2021-04-07_15:15:34
0.0,0.0,0.0,0.0,0.0,0.0,2021-04-07_15:15:34
0.0,0.0,0.0,0.0,0.0,0.0,2021-04-07_15:15:34
0.0,0.0,0.0,0.0,0.0,0.0,2021-04-07_15:15:34
0.0,0.0,0.0,0.0,0.0,0.0,2021-04-07_15:15:34
0.0,0.0,0.0,0.0,0.0,0.0,2021-04-07_15:15:34
0.0,0.0,0.0,0.0,0.0,0.0,2021-04-07_15:15:34
0.0,0.0,0.0,0.0,0.0,0.0,2021-04-07_15:15:35
0.0,0.0,0.0,0.0,0.0,0.0,2021-04-07_15:15:35
0.0,0.0,0.0,0.0,0.0,0.0,2021-04-07_15:15:35
0.0,0.0,0.0,0.0,0.0,0.0,2021-04-07_15:15:35
0.0,0.0,0.0,0.0,0.0,0.0,2021-04-07_15:15:35
0.0,0.0,0.0,0.0,0.0,0.0,2021-04-07_15:15:35
-0.01,0.01,0.0,0.0,0.0,0.0,2021-04-07_15:15:35
0.0,0.0,0.0,0.0,0.0,0.0,2021-04-07_15:15:35
0.0,0.0,0.0,0.0,0.0,0.0,2021-04-07_15:15:35
0.01,0.0,0.0,0.0,0.0,0.0,2021-04-07_15:15:35
0.0,0.0,0.0,0.0,0.0,0.0,2021-04-07_15:15:35
0.0,-0.01,0.01,0.0,0.0,0.0,2021-04-07_15:15:35
0.0,0.0,0.0,0.0,0.0,0.0,2021-04-07_15:15:35
-0.01,0.01,0.0,0.0,0.0,0.0,2021-04-07_15:15:36
0.01,-0.01,0.0,0.0,0.0,0.0,2021-04-07_15:15:36
-0.01,0.01,0.0,0.0,0.0,0.0,2021-04-07_15:15:36
0.01,-0.01,0.01,0.0,0.0,0.0,2021-04-07_15:15:36
-0.01,0.0,0.01,0.0,0.0,0.0,2021-04-07_15:15:36
0.01,0.0,0.0,0.0,0.0,0.0,2021-04-07_15:15:36
0.0,0.0,0.0,0.0,0.0,0.0,2021-04-07_15:15:36
0.0,0.0,0.01,0.0,0.0,0.0,2021-04-07_15:15:36
0.0,0.0,0.01,0.0,0.0,0.0,2021-04-07_15:15:36
-0.01,0.0,0.01,0.0,0.0,0.0,2021-04-07_15:15:36
0.0,0.01,0.0,0.0,0.0,0.0,2021-04-07_15:15:36
0.01,-0.01,0.01,0.0,0.0,0.0,2021-04-07_15:15:36
0.02,0.01,0.02,0.0,0.0,0.0,2021-04-07_15:15:36
-0.01,0.02,0.04,0.0,0.0,0.0,2021-04-07_15:15:36
0.0,-0.02,0.05,0.0,0.0,0.0,2021-04-07_15:15:37
-0.01,-0.01,0.01,0.0,0.0,0.0,2021-04-07_15:15:37
-0.01,-0.01,0.03,0.0,0.0,0.0,2021-04-07_15:15:37
0.0,0.0,0.05,0.0,0.0,0.0,2021-04-07_15:15:37
-0.02,0.02,0.16,0.0,0.0,0.0,2021-04-07_15:15:37
0.03,0.01,0.06,0.0,0.0,0.0,2021-04-07_15:15:37
0.01,0.02,0.1,0.0,0.0,0.0,2021-04-07_15:15:37
0.07,0.03,0.1,0.0,0.0,0.0,2021-04-07_15:15:37
0.05,-0.01,0.31,0.0,0.0,0.0,2021-04-07_15:15:37
-0.1,-0.08,0.54,0.0,0.0,0.0,2021-04-07_15:15:37
-0.02,0.04,0.19,0.0,0.0,0.0,2021-04-07_15:15:37
-0.02,0.02,0.3,0.0,0.0,0.0,2021-04-07_15:15:37
0.05,0.01,0.38,0.0,0.0,0.0,2021-04-07_15:15:37
0.08,0.22,0.53,0.0,0.0,0.0,2021-04-07_15:15:38
-0.32,-0.02,0.64,0.0,0.0,0.0,2021-04-07_15:15:38
-0.07,-0.55,0.62,0.0,0.0,0.0,2021-04-07_15:15:38
0.0,0.0,0.0,0.0,0.0,0.0,2021-04-07_15:15:38
0.0,0.0,0.0,0.0,0.0,0.0,2021-04-07_15:15:38
0.0,0.0,0.0,0.0,0.0,0.0,2021-04-07_15:15:38
0.0,0.0,0.0,0.0,0.0,0.0,2021-04-07_15:15:38
0.0,0.0,0.0,0.0,0.0,0.0,2021-04-07_15:15:38
0.0,0.0,0.0,0.0,0.0,0.0,2021-04-07_15:15:38
0.0,0.0,0.0,0.0,0.0,0.0,2021-04-07_15:15:38
0.0,0.0,0.0,0.0,0.0,0.0,2021-04-07_15:15:38
0.0,0.0,0.0,0.01,-0.01,0.0,2021-04-07_15:15:38
0.0,0.0,0.0,-0.01,0.01,0.0,2021-04-07_15:15:38
0.0,0.0,0.0,0.01,-0.01,0.0,2021-04-07_15:15:39
0.0,0.0,0.0,0.0,0.0,0.0,2021-04-07_15:15:39
0.0,0.0,0.0,0.0,0.0,0.0,2021-04-07_15:15:39
0.0,0.0,0.0,0.0,0.0,0.0,2021-04-07_15:15:39
0.0,0.0,0.0,0.0,0.0,0.0,2021-04-07_15:15:39
0.0,0.0,0.0,0.0,0.0,0.0,2021-04-07_15:15:39
0.0,0.0,0.0,0.0,0.0,0.0,2021-04-07_15:15:39
0.0,0.0,0.0,0.0,0.0,0.0,2021-04-07_15:15:39
0.0,0.0,0.0,0.0,0.0,0.0,2021-04-07_15:15:39
0.0,0.0,0.0,0.0,0.0,0.0,2021-04-07_15:15:39
0.0,0.0,0.0,0.0,0.0,0.0,2021-04-07_15:15:39
0.0,0.0,0.0,0.0,0.0,0.0,2021-04-07_15:15:39
0.0,0.0,0.0,0.0,0.0,0.0,2021-04-07_15:15:39
0.0,0.0,0.0,0.0,0.0,0.0,2021-04-07_15:15:39
0.0,0.0,0.0,0.0,0.0,0.0,2021-04-07_15:15:40
0.0,0.0,0.0,0.0,0.0,0.0,2021-04-07_15:15:40
0.0,0.0,0.0,0.0,0.0,0.0,2021-04-07_15:15:40
0.0,0.0,0.0,0.0,0.0,0.0,2021-04-07_15:15:40
0.0,0.0,0.0,0.0,0.0,0.0,2021-04-07_15:15:40
0.0,0.0,0.0,0.0,0.0,0.0,2021-04-07_15:15:40
0.0,0.0,0.0,0.0,0.0,0.0,2021-04-07_15:15:40
0.0,0.0,0.0,0.0,0.0,0.0,2021-04-07_15:15:40
0.0,0.0,0.0,0.0,0.0,0.0,2021-04-07_15:15:40
0.0,0.0,0.0,0.0,0.0,0.0,2021-04-07_15:15:40
0.28,0.21,-1.54,0.0,0.0,0.0,2021-04-07_15:15:40
-0.05,0.09,-0.66,0.0,0.0,0.0,2021-04-07_15:15:40
-0.01,-0.04,-0.12,0.0,0.0,0.0,2021-04-07_15:15:40
-0.02,0.0,-0.09,0.0,0.0,0.0,2021-04-07_15:15:41
-0.21,-0.14,-0.57,0.0,0.0,0.0,2021-04-07_15:15:41
0.26,0.13,-0.46,0.0,0.0,0.0,2021-04-07_15:15:41
0.01,0.06,-0.09,0.0,0.0,0.0,2021-04-07_15:15:41
-0.03,-0.01,-0.06,0.0,0.0,0.0,2021-04-07_15:15:41
0.01,-0.03,-0.18,0.0,0.0,0.0,2021-04-07_15:15:41
-0.01,0.0,-0.14,0.0,0.0,0.0,2021-04-07_15:15:41
0.03,0.01,-0.09,0.0,0.0,0.0,2021-04-07_15:15:41
-0.01,0.02,-0.01,0.0,0.0,0.0,2021-04-07_15:15:41
0.0,0.0,-0.01,0.0,0.0,0.0,2021-04-07_15:15:41
0.01,0.0,-0.09,0.0,0.0,0.0,2021-04-07_15:15:41
0.0,0.01,-0.02,0.0,0.0,0.0,2021-04-07_15:15:41
0.0,0.0,0.0,0.0,0.0,0.0,2021-04-07_15:15:41
0.0,0.01,-0.01,0.0,0.0,0.0,2021-04-07_15:15:41
0.0,-0.01,0.0,0.0,0.0,0.0,2021-04-07_15:15:42
-0.01,0.0,-0.01,0.0,0.0,0.0,2021-04-07_15:15:42
0.01,0.0,-0.01,0.0,0.0,0.0,2021-04-07_15:15:42
0.0,0.0,0.0,0.0,0.0,0.0,2021-04-07_15:15:42
0.0,0.0,0.0,0.0,0.0,0.0,2021-04-07_15:15:42
0.0,0.01,-0.01,0.0,0.0,0.0,2021-04-07_15:15:42
0.0,-0.01,0.0,0.0,0.0,0.0,2021-04-07_15:15:42
0.0,0.0,0.0,0.0,0.0,0.0,2021-04-07_15:15:42
0.0,0.0,0.0,0.0,0.0,0.0,2021-04-07_15:15:42
0.0,0.0,0.0,0.0,0.0,0.0,2021-04-07_15:15:42
0.0,0.01,-0.01,0.0,0.0,0.0,2021-04-07_15:15:42
0.0,0.0,0.0,0.0,0.0,0.0,2021-04-07_15:15:42
0.0,-0.01,0.0,0.0,0.0,0.0,2021-04-07_15:15:42
0.0,0.0,0.0,0.0,0.0,0.0,2021-04-07_15:15:43
0.0,0.0,0.0,0.0,0.0,0.0,2021-04-07_15:15:43
0.0,0.0,0.0,0.0,0.0,0.0,2021-04-07_15:15:43
0.0,0.0,0.0,0.0,0.0,0.0,2021-04-07_15:15:43
0.0,0.0,0.0,0.0,0.0,0.0,2021-04-07_15:15:43
0.0,0.0,0.0,0.0,0.0,0.0,2021-04-07_15:15:43
0.0,0.0,0.0,0.0,0.0,0.0,2021-04-07_15:15:43
0.0,0.0,0.0,0.0,0.0,0.0,2021-04-07_15:15:43
0.0,0.0,0.0,0.0,0.0,0.0,2021-04-07_15:15:43
0.0,0.01,-0.01,0.0,0.0,0.0,2021-04-07_15:15:43
0.0,0.0,0.0,0.0,0.0,0.0,2021-04-07_15:15:43
0.0,0.0,0.0,0.0,0.0,0.0,2021-04-07_15:15:43
0.0,0.0,0.0,0.0,0.0,0.0,2021-04-07_15:15:43
0.0,0.0,0.0,0.0,0.0,0.0,2021-04-07_15:15:44
0.0,0.0,0.0,0.0,0.0,0.0,2021-04-07_15:15:44
0.0,0.0,0.0,0.0,0.0,0.0,2021-04-07_15:15:44
0.0,0.0,0.0,0.0,0.0,0.0,2021-04-07_15:15:44
0.0,0.0,0.0,0.0,0.0,0.0,2021-04-07_15:15:44
0.0,0.0,0.0,-0.01,0.01,0.0,2021-04-07_15:15:44
0.0,0.0,0.0,0.01,-0.01,0.0,2021-04-07_15:15:44
0.0,0.0,0.0,0.0,0.0,0.0,2021-04-07_15:15:44
0.0,0.0,0.0,0.0,0.0,0.0,2021-04-07_15:15:44
0.0,0.0,0.0,-0.01,0.01,0.0,2021-04-07_15:15:44
0.0,0.0,0.0,0.0,0.0,0.0,2021-04-07_15:15:44
0.0,0.0,0.0,0.0,0.0,0.0,2021-04-07_15:15:44
0.0,0.0,0.0,0.0,0.0,0.0,2021-04-07_15:15:44
0.0,0.0,0.0,0.0,0.0,0.0,2021-04-07_15:15:44
0.0,0.0,-0.01,0.01,0.0,0.0,2021-04-07_15:15:45
0.0,0.0,0.0,0.0,0.0,0.0,2021-04-07_15:15:45
0.0,0.0,0.0,0.0,0.0,0.0,2021-04-07_15:15:45
0.0,0.0,0.0,0.0,0.0,0.0,2021-04-07_15:15:45
0.0,0.0,0.0,0.0,0.0,0.0,2021-04-07_15:15:45
0.0,0.0,0.0,0.0,0.0,0.0,2021-04-07_15:15:45
0.0,0.0,0.0,0.0,0.0,0.0,2021-04-07_15:15:45
0.0,0.0,0.0,0.0,0.0,0.0,2021-04-07_15:15:45
0.0,0.0,0.0,0.0,0.0,0.0,2021-04-07_15:15:45
0.0,0.0,0.0,0.0,0.0,0.0,2021-04-07_15:15:45
0.0,0.0,0.0,0.0,0.0,0.0,2021-04-07_15:15:45
0.0,0.0,0.0,0.0,0.0,0.0,2021-04-07_15:15:45
0.0,0.0,0.0,0.0,0.0,0.0,2021-04-07_15:15:45
0.0,0.0,0.0,0.0,0.0,0.0,2021-04-07_15:15:46
0.0,0.0,0.0,0.0,0.0,0.0,2021-04-07_15:15:46
0.0,0.0,0.0,0.0,0.0,0.0,2021-04-07_15:15:46
0.0,0.0,0.0,0.0,0.0,0.0,2021-04-07_15:15:46
0.0,0.0,0.0,0.0,0.0,0.0,2021-04-07_15:15:46
0.0,0.0,0.0,0.0,0.0,0.0,2021-04-07_15:15:46
0.0,0.0,0.0,0.0,0.0,0.0,2021-04-07_15:15:46
0.0,0.0,0.0,0.0,0.0,0.0,2021-04-07_15:15:46
0.0,0.0,0.0,0.0,0.0,0.0,2021-04-07_15:15:46
0.0,0.0,0.0,0.0,0.0,0.0,2021-04-07_15:15:46
0.0,0.0,0.0,0.0,0.0,0.0,2021-04-07_15:15:46
0.0,0.0,0.0,0.0,0.0,0.0,2021-04-07_15:15:46
0.0,0.0,0.0,0.0,0.0,0.0,2021-04-07_15:15:46
0.0,0.0,0.0,0.0,0.0,0.0,2021-04-07_15:15:47
0.0,0.0,0.0,0.0,0.0,0.0,2021-04-07_15:15:47
0.0,0.0,0.0,0.0,0.0,0.0,2021-04-07_15:15:47
0.0,0.0,0.0,0.0,0.0,0.0,2021-04-07_15:15:47
0.0,0.0,0.0,0.0,0.0,0.0,2021-04-07_15:15:47
0.0,0.0,0.0,0.0,0.0,0.0,2021-04-07_15:15:47
0.0,0.0,0.0,0.0,0.0,0.0,2021-04-07_15:15:47
0.0,0.0,0.0,0.0,0.0,0.0,2021-04-07_15:15:47
0.0,0.0,0.0,0.0,0.0,0.0,2021-04-07_15:15:47
0.0,0.0,0.0,0.0,0.0,0.0,2021-04-07_15:15:47
0.0,0.0,0.0,0.0,0.0,0.0,2021-04-07_15:15:47
0.0,0.0,0.0,0.0,0.0,0.0,2021-04-07_15:15:47
0.0,0.0,0.0,0.0,0.0,0.0,2021-04-07_15:15:47
0.0,0.0,0.0,0.0,0.0,0.0,2021-04-07_15:15:47
0.0,0.0,0.0,0.0,0.0,0.0,2021-04-07_15:15:48
0.01,-0.01,0.0,0.0,0.0,0.0,2021-04-07_15:15:48
0.0,0.0,0.0,0.0,0.0,0.0,2021-04-07_15:15:48
-0.01,0.01,0.0,0.0,0.0,0.0,2021-04-07_15:15:48
0.01,-0.01,0.0,0.0,0.0,0.0,2021-04-07_15:15:48
0.0,0.0,0.0,0.0,0.0,0.0,2021-04-07_15:15:48
0.0,0.0,0.0,0.0,0.0,0.0,2021-04-07_15:15:48
0.0,0.0,0.0,0.0,0.0,0.0,2021-04-07_15:15:48
0.0,0.0,0.0,0.0,0.0,0.0,2021-04-07_15:15:48
0.0,0.0,0.0,0.0,0.0,0.0,2021-04-07_15:15:48
0.0,0.0,0.0,0.0,0.0,0.0,2021-04-07_15:15:48
0.0,0.0,0.0,0.0,0.0,0.0,2021-04-07_15:15:48
0.0,0.0,0.0,0.0,0.0,0.0,2021-04-07_15:15:48
0.0,0.0,0.0,0.0,0.0,0.0,2021-04-07_15:15:49
0.0,0.0,0.0,0.0,0.0,0.0,2021-04-07_15:15:49
0.0,0.0,0.0,0.0,0.0,0.0,2021-04-07_15:15:49
0.0,0.0,0.0,0.0,0.0,0.0,2021-04-07_15:15:49
0.0,0.0,0.0,0.0,0.0,0.0,2021-04-07_15:15:49
0.0,0.0,0.0,0.0,0.0,0.0,2021-04-07_15:15:49
0.0,0.0,0.0,0.0,0.0,0.0,2021-04-07_15:15:49
0.0,0.0,0.0,0.0,0.0,0.0,2021-04-07_15:15:49
0.0,0.0,0.0,0.0,0.0,0.0,2021-04-07_15:15:49
0.0,0.0,0.0,0.0,0.0,0.0,2021-04-07_15:15:49
0.0,0.0,0.0,0.0,0.0,0.0,2021-04-07_15:15:49
0.0,0.01,-0.01,0.0,0.0,0.0,2021-04-07_15:15:49
0.0,0.0,0.0,0.0,0.0,0.0,2021-04-07_15:15:49
0.0,0.0,0.0,0.0,0.0,0.0,2021-04-07_15:15:49
0.0,-0.01,0.01,0.0,0.0,0.0,2021-04-07_15:15:50
0.0,0.01,-0.01,0.0,0.0,0.0,2021-04-07_15:15:50
0.0,0.0,0.0,0.0,0.0,0.0,2021-04-07_15:15:50
-0.01,0.0,0.0,0.0,0.0,0.0,2021-04-07_15:15:50
0.01,0.0,0.0,0.0,0.0,0.0,2021-04-07_15:15:50
0.0,0.0,0.0,0.0,0.0,0.0,2021-04-07_15:15:50
0.0,0.0,0.0,0.0,0.0,0.0,2021-04-07_15:15:50
-0.01,0.0,0.0,0.0,0.0,0.0,2021-04-07_15:15:50
0.01,0.0,0.0,0.0,0.0,0.0,2021-04-07_15:15:50
-0.01,0.0,0.0,0.0,0.0,0.0,2021-04-07_15:15:50
0.0,0.0,0.0,0.0,0.0,0.0,2021-04-07_15:15:50
0.0,0.0,0.0,0.0,0.0,0.0,2021-04-07_15:15:50
0.0,0.0,0.0,0.0,0.0,0.0,2021-04-07_15:15:50
0.0,0.0,0.0,0.0,0.0,0.0,2021-04-07_15:15:51
0.0,0.0,0.0,0.0,0.0,0.0,2021-04-07_15:15:51
0.0,0.0,0.0,0.0,0.0,0.0,2021-04-07_15:15:51
0.0,0.0,0.0,0.0,0.0,0.0,2021-04-07_15:15:51
0.0,0.0,0.0,0.0,0.0,0.0,2021-04-07_15:15:51
0.0,0.0,0.0,0.0,0.0,0.0,2021-04-07_15:15:51
0.0,0.0,0.0,0.0,0.0,0.0,2021-04-07_15:15:51
0.0,0.0,0.0,0.0,0.0,0.0,2021-04-07_15:15:51
0.0,0.0,0.0,0.0,0.0,0.0,2021-04-07_15:15:51
0.0,0.0,0.0,0.0,0.0,0.0,2021-04-07_15:15:51
0.0,0.0,0.0,0.0,0.0,0.0,2021-04-07_15:15:51
0.0,0.0,0.0,0.0,0.0,0.0,2021-04-07_15:15:51
0.0,0.0,0.0,0.0,0.0,0.0,2021-04-07_15:15:51
0.0,0.0,0.0,0.0,0.0,0.0,2021-04-07_15:15:52
0.0,0.0,0.0,0.0,0.0,0.0,2021-04-07_15:15:52
0.0,0.0,0.0,0.0,0.0,0.0,2021-04-07_15:15:52
0.0,0.0,0.0,0.0,0.0,0.0,2021-04-07_15:15:52
0.0,0.0,0.0,0.0,0.0,0.0,2021-04-07_15:15:52
0.0,0.0,0.0,0.0,0.0,0.0,2021-04-07_15:15:52
0.0,0.0,0.0,0.0,0.0,0.0,2021-04-07_15:15:52
0.0,0.0,0.0,0.0,0.0,0.0,2021-04-07_15:15:52
0.0,0.0,0.0,0.0,0.0,0.0,2021-04-07_15:15:52
0.0,0.0,0.0,0.0,0.0,0.0,2021-04-07_15:15:52
0.0,0.0,0.0,0.0,0.0,0.0,2021-04-07_15:15:52
0.0,0.0,0.0,0.0,0.0,0.0,2021-04-07_15:15:52
0.0,0.0,0.0,0.0,0.0,0.0,2021-04-07_15:15:52
0.0,0.0,0.0,0.0,0.0,0.0,2021-04-07_15:15:52
0.0,0.0,0.0,0.0,0.0,0.0,2021-04-07_15:15:53
0.0,0.0,0.0,0.0,0.0,0.0,2021-04-07_15:15:53
0.0,0.0,0.0,0.0,0.0,0.0,2021-04-07_15:15:53
0.0,0.0,0.0,0.0,0.0,0.0,2021-04-07_15:15:53
0.0,0.0,0.0,0.0,0.0,0.0,2021-04-07_15:15:53
0.0,0.0,0.0,0.0,0.0,0.0,2021-04-07_15:15:53
0.0,0.0,0.0,0.0,0.0,0.0,2021-04-07_15:15:53
0.0,0.0,0.0,0.0,0.0,0.0,2021-04-07_15:15:53
0.0,0.0,0.0,0.0,0.0,0.0,2021-04-07_15:15:53
0.0,0.0,0.0,0.0,0.0,0.0,2021-04-07_15:15:53
0.0,0.0,0.0,0.0,0.0,0.0,2021-04-07_15:15:53
0.0,0.0,0.0,0.0,0.0,0.0,2021-04-07_15:15:53
0.0,0.0,0.0,0.0,0.0,0.0,2021-04-07_15:15:53
0.0,0.0,0.0,0.0,0.0,0.0,2021-04-07_15:15:54
0.0,0.0,0.0,0.0,0.0,0.0,2021-04-07_15:15:54
0.0,0.0,0.0,0.0,0.0,0.0,2021-04-07_15:15:54
0.0,0.0,0.0,0.0,0.0,0.0,2021-04-07_15:15:54
0.0,0.0,0.0,0.0,0.0,0.0,2021-04-07_15:15:54
0.0,0.0,0.0,0.0,0.0,0.0,2021-04-07_15:15:54
0.0,0.0,0.0,0.0,0.0,0.0,2021-04-07_15:15:54
0.0,0.0,0.0,0.0,0.0,0.0,2021-04-07_15:15:54
0.0,0.0,0.0,0.0,0.0,0.0,2021-04-07_15:15:54
0.0,0.0,0.0,0.0,0.0,0.0,2021-04-07_15:15:54
0.0,0.0,0.0,0.0,0.0,0.0,2021-04-07_15:15:54
0.0,0.0,0.0,0.0,0.0,0.0,2021-04-07_15:15:54
0.0,0.0,0.0,0.0,0.0,0.0,2021-04-07_15:15:54
0.0,0.0,0.0,0.0,0.0,0.0,2021-04-07_15:15:55
0.0,0.0,0.0,0.0,0.0,0.0,2021-04-07_15:15:55
0.0,0.0,0.0,0.0,0.0,0.0,2021-04-07_15:15:55
0.0,0.0,0.0,0.0,0.0,0.0,2021-04-07_15:15:55
0.0,0.0,0.0,0.0,0.0,0.0,2021-04-07_15:15:55
0.0,0.0,0.0,0.0,0.0,0.0,2021-04-07_15:15:55
0.0,0.0,0.0,0.0,0.0,0.0,2021-04-07_15:15:55
0.0,0.0,0.0,0.0,0.0,0.0,2021-04-07_15:15:55
0.0,0.0,0.0,0.0,0.0,0.0,2021-04-07_15:15:55
0.0,0.0,0.0,0.0,0.0,0.0,2021-04-07_15:15:55
0.0,0.0,0.0,0.0,0.0,0.0,2021-04-07_15:15:55
0.0,0.0,0.0,0.0,0.0,0.0,2021-04-07_15:15:55
0.0,0.0,0.0,0.0,0.0,0.0,2021-04-07_15:15:55
0.0,0.0,0.0,0.0,0.0,0.0,2021-04-07_15:15:55
0.0,0.0,0.0,0.0,0.0,0.0,2021-04-07_15:15:56
0.0,0.0,0.0,0.0,0.0,0.0,2021-04-07_15:15:56
0.0,0.0,0.0,0.0,0.0,0.0,2021-04-07_15:15:56
0.0,0.0,0.0,0.0,0.0,0.0,2021-04-07_15:15:56
0.0,0.0,0.0,0.0,0.0,0.0,2021-04-07_15:15:56
0.0,0.0,0.0,0.0,0.0,0.0,2021-04-07_15:15:56
0.0,0.0,0.0,0.0,0.0,0.0,2021-04-07_15:15:56
0.0,0.0,0.0,0.0,0.0,0.0,2021-04-07_15:15:56
0.0,0.0,0.0,0.0,0.0,0.0,2021-04-07_15:15:56
0.0,0.0,0.0,0.0,0.0,0.0,2021-04-07_15:15:56
0.0,0.0,0.0,0.0,0.0,0.0,2021-04-07_15:15:56
0.0,0.0,0.0,0.0,0.0,0.0,2021-04-07_15:15:56
0.0,0.0,0.0,0.0,0.0,0.0,2021-04-07_15:15:56
0.0,0.0,0.0,0.0,0.0,0.0,2021-04-07_15:15:57
0.0,0.0,0.0,0.0,0.0,0.0,2021-04-07_15:15:57
0.0,0.01,0.0,0.0,0.0,0.0,2021-04-07_15:15:57
0.0,0.0,0.0,0.0,0.0,0.0,2021-04-07_15:15:57
0.0,0.0,0.0,0.0,0.0,0.0,2021-04-07_15:15:57
0.0,0.0,0.0,0.0,0.0,0.0,2021-04-07_15:15:57
0.0,0.0,0.0,0.0,0.0,0.0,2021-04-07_15:15:57
0.0,0.0,0.0,0.0,0.0,0.0,2021-04-07_15:15:57
0.0,0.0,0.0,0.0,0.0,0.0,2021-04-07_15:15:57
0.0,0.0,0.0,0.0,0.0,0.0,2021-04-07_15:15:57
-0.01,0.01,0.0,0.0,0.0,0.0,2021-04-07_15:15:57
0.0,0.0,0.0,0.0,0.0,0.0,2021-04-07_15:15:57
0.01,0.0,0.0,0.0,0.0,0.0,2021-04-07_15:15:57
0.0,0.0,0.0,0.0,0.0,0.0,2021-04-07_15:15:57
0.0,0.01,0.0,0.0,0.0,0.0,2021-04-07_15:15:58
0.0,0.0,0.0,0.0,0.0,0.0,2021-04-07_15:15:58
-0.01,0.01,0.0,0.0,0.0,0.0,2021-04-07_15:15:58
0.0,0.01,0.0,0.0,0.0,0.0,2021-04-07_15:15:58
0.02,0.01,0.0,0.0,0.0,0.0,2021-04-07_15:15:58
-0.01,0.03,0.0,0.0,0.0,0.0,2021-04-07_15:15:58
-0.01,0.0,0.0,0.0,0.0,0.0,2021-04-07_15:15:58
0.0,0.01,0.0,0.0,0.0,0.0,2021-04-07_15:15:58
0.0,0.02,0.0,0.0,0.0,0.0,2021-04-07_15:15:58
0.1,0.12,0.0,0.0,0.0,0.0,2021-04-07_15:15:58
-0.08,0.16,0.0,0.0,0.0,0.0,2021-04-07_15:15:58
-0.03,0.24,0.0,0.0,0.0,0.0,2021-04-07_15:15:58
0.07,0.04,0.0,0.0,0.0,0.0,2021-04-07_15:15:58
0.02,0.22,0.0,0.0,0.0,0.0,2021-04-07_15:15:59
-0.03,0.66,0.0,0.0,0.0,0.0,2021-04-07_15:15:59
0.05,0.48,0.0,0.0,0.0,0.0,2021-04-07_15:15:59
-0.1,0.33,0.0,0.0,0.0,0.0,2021-04-07_15:15:59
0.08,0.26,0.0,0.0,0.0,0.0,2021-04-07_15:15:59
0.14,0.47,0.0,0.0,0.0,0.0,2021-04-07_15:15:59
-0.47,0.78,0.0,0.0,0.0,0.0,2021-04-07_15:15:59
0.0,0.0,0.0,0.0,0.0,0.0,2021-04-07_15:15:59
0.0,0.0,0.0,0.0,0.0,0.0,2021-04-07_15:15:59
0.0,0.0,0.0,0.0,0.0,0.0,2021-04-07_15:15:59
0.0,0.0,0.0,0.0,0.0,0.0,2021-04-07_15:15:59
0.0,0.0,0.0,0.0,0.0,0.0,2021-04-07_15:15:59
0.0,0.0,0.0,0.0,0.0,0.0,2021-04-07_15:15:59
0.0,0.01,-0.01,0.0,0.0,0.0,2021-04-07_15:16:00
0.0,0.0,0.0,0.0,-0.01,0.01,2021-04-07_15:16:00
0.0,0.0,0.0,0.0,0.0,0.0,2021-04-07_15:16:00
0.0,0.0,0.0,0.0,0.0,0.0,2021-04-07_15:16:00
0.0,0.0,0.0,0.0,0.0,0.0,2021-04-07_15:16:00
0.0,0.0,0.0,0.0,0.0,0.0,2021-04-07_15:16:00
0.0,0.0,0.0,0.0,0.0,0.0,2021-04-07_15:16:00
0.0,0.0,0.0,0.0,0.0,0.0,2021-04-07_15:16:00
0.0,0.0,0.0,0.0,0.0,0.0,2021-04-07_15:16:00
0.0,0.0,0.0,0.0,0.0,0.0,2021-04-07_15:16:00
0.0,0.0,0.0,0.0,0.0,0.0,2021-04-07_15:16:00
0.0,0.0,0.0,0.0,0.0,0.0,2021-04-07_15:16:00
0.0,0.0,0.0,0.0,0.0,0.0,2021-04-07_15:16:00
0.0,0.0,0.0,0.0,0.01,-0.01,2021-04-07_15:16:00
0.0,0.0,0.01,-0.01,0.0,0.0,2021-04-07_15:16:01
0.0,0.0,-0.01,0.01,-0.01,0.01,2021-04-07_15:16:01
0.0,0.0,0.01,-0.01,0.01,-0.01,2021-04-07_15:16:01
0.0,0.0,0.0,0.0,0.0,0.0,2021-04-07_15:16:01
0.0,0.0,0.0,0.0,0.0,0.0,2021-04-07_15:16:01
0.0,0.0,0.0,0.0,0.0,0.0,2021-04-07_15:16:01
0.0,0.0,0.0,0.0,0.0,0.0,2021-04-07_15:16:01
0.0,0.0,0.0,0.0,0.0,0.0,2021-04-07_15:16:01
0.0,0.0,0.0,0.0,0.0,0.0,2021-04-07_15:16:01
0.0,0.0,0.0,0.0,0.0,0.0,2021-04-07_15:16:01
0.0,0.0,0.0,0.0,0.0,0.0,2021-04-07_15:16:01
0.0,0.0,0.0,0.0,0.0,0.0,2021-04-07_15:16:01
0.0,0.0,0.0,0.0,0.0,0.0,2021-04-07_15:16:01
0.0,0.0,0.0,0.0,0.0,0.0,2021-04-07_15:16:02
0.0,0.0,0.0,0.0,0.0,0.0,2021-04-07_15:16:02
0.0,0.0,0.0,0.0,0.0,0.0,2021-04-07_15:16:02
0.0,0.0,0.0,0.0,0.0,0.0,2021-04-07_15:16:02
0.0,0.0,0.0,0.0,0.0,0.0,2021-04-07_15:16:02
0.0,0.0,0.0,0.0,0.0,0.0,2021-04-07_15:16:02
0.0,0.0,0.0,0.0,0.0,0.0,2021-04-07_15:16:02
0.0,0.0,0.0,0.0,0.0,0.0,2021-04-07_15:16:02
0.0,0.0,0.0,0.0,0.0,0.0,2021-04-07_15:16:02
0.0,0.0,0.0,0.0,0.0,0.0,2021-04-07_15:16:02
0.0,0.0,0.0,0.0,0.0,0.0,2021-04-07_15:16:02
0.0,0.0,0.0,0.0,0.0,0.0,2021-04-07_15:16:02
0.0,0.0,0.0,0.0,0.0,0.0,2021-04-07_15:16:02
0.0,0.0,0.0,0.0,0.0,0.0,2021-04-07_15:16:02
0.0,0.0,0.0,0.0,0.0,0.0,2021-04-07_15:16:03
0.0,0.0,0.0,0.0,-0.01,0.01,2021-04-07_15:16:03
0.0,0.0,0.0,0.0,0.01,-0.01,2021-04-07_15:16:03
0.0,0.0,0.0,0.0,0.0,0.0,2021-04-07_15:16:03
0.0,0.0,0.0,0.0,-0.01,0.01,2021-04-07_15:16:03
0.0,0.0,0.0,0.0,0.0,0.0,2021-04-07_15:16:03
0.0,0.0,0.0,0.0,0.01,-0.01,2021-04-07_15:16:03
0.0,0.0,0.0,0.0,-0.01,0.01,2021-04-07_15:16:03
0.0,0.0,0.0,0.0,0.0,0.0,2021-04-07_15:16:03
0.0,0.0,0.0,0.0,0.0,0.0,2021-04-07_15:16:03
0.0,0.0,0.0,0.0,0.0,0.0,2021-04-07_15:16:03
0.0,0.0,0.0,0.0,0.0,0.0,2021-04-07_15:16:03
0.43,-1.62,0.0,0.0,0.01,-0.01,2021-04-07_15:16:03
-0.23,-0.2,0.0,0.0,0.0,0.0,2021-04-07_15:16:04
0.02,-0.31,0.0,0.0,0.0,0.0,2021-04-07_15:16:04
-0.03,-0.29,0.0,0.0,0.0,0.0,2021-04-07_15:16:04
-0.38,-0.66,0.0,0.0,0.0,0.0,2021-04-07_15:16:04
0.44,-0.69,0.0,0.0,0.0,0.0,2021-04-07_15:16:04
-0.01,-0.02,0.0,0.0,0.0,0.0,2021-04-07_15:16:04
0.02,-0.02,0.0,0.0,0.0,0.0,2021-04-07_15:16:04
0.0,-0.01,0.0,0.0,0.0,0.0,2021-04-07_15:16:04
-0.01,-0.03,0.0,0.0,0.0,0.0,2021-04-07_15:16:04
0.01,-0.01,0.0,0.0,0.0,0.0,2021-04-07_15:16:04
0.0,0.0,0.0,0.0,0.0,0.0,2021-04-07_15:16:04
-0.01,0.0,0.0,0.0,0.0,0.0,2021-04-07_15:16:04
0.01,0.0,0.0,0.0,0.0,0.0,2021-04-07_15:16:04
0.0,-0.01,0.0,0.0,0.0,0.0,2021-04-07_15:16:05
0.0,0.0,0.0,0.0,0.0,0.0,2021-04-07_15:16:05
0.0,0.0,0.0,0.0,0.0,0.0,2021-04-07_15:16:05
0.0,0.0,0.0,0.0,0.0,0.0,2021-04-07_15:16:05
0.01,-0.01,0.0,0.0,0.0,0.0,2021-04-07_15:16:05
-0.01,0.0,0.0,0.0,0.0,0.0,2021-04-07_15:16:05
0.0,0.0,0.0,0.0,0.0,0.0,2021-04-07_15:16:05
0.0,0.0,0.0,0.0,0.0,0.0,2021-04-07_15:16:05
0.0,0.0,0.0,0.0,0.0,0.0,2021-04-07_15:16:05
0.0,0.0,0.0,0.0,0.0,0.0,2021-04-07_15:16:05
0.0,0.0,0.0,0.0,0.0,0.0,2021-04-07_15:16:05
0.0,0.0,0.0,0.0,0.0,0.0,2021-04-07_15:16:05
0.0,0.0,0.0,0.0,0.0,0.0,2021-04-07_15:16:05
0.0,0.0,0.0,0.0,0.0,0.0,2021-04-07_15:16:05
0.0,0.0,0.0,0.0,0.0,0.0,2021-04-07_15:16:06
0.01,-0.01,0.0,0.0,0.0,0.0,2021-04-07_15:16:06
0.0,0.0,0.0,0.0,0.0,0.0,2021-04-07_15:16:06
0.0,0.0,0.0,0.0,0.0,0.0,2021-04-07_15:16:06
0.0,0.0,0.0,0.0,0.0,0.0,2021-04-07_15:16:06
0.0,0.0,0.0,0.0,0.0,0.0,2021-04-07_15:16:06
0.0,0.0,0.0,0.0,0.0,0.0,2021-04-07_15:16:06
0.0,0.0,0.0,0.0,0.0,0.0,2021-04-07_15:16:06
0.0,0.0,0.0,0.0,0.0,0.0,2021-04-07_15:16:06
0.0,0.0,0.0,0.0,0.0,0.0,2021-04-07_15:16:06
0.0,0.0,0.0,0.0,0.0,0.0,2021-04-07_15:16:06
0.0,0.0,0.0,0.0,0.0,0.0,2021-04-07_15:16:06
0.0,-0.01,0.01,0.0,0.0,0.0,2021-04-07_15:16:06
0.0,0.01,-0.01,0.0,0.0,0.0,2021-04-07_15:16:07
0.0,0.0,0.0,0.0,0.0,0.0,2021-04-07_15:16:07
0.0,0.0,0.0,0.0,0.0,0.0,2021-04-07_15:16:07
0.0,0.0,0.0,0.0,0.0,0.0,2021-04-07_15:16:07
0.0,0.0,0.0,0.0,0.0,0.0,2021-04-07_15:16:07
0.0,-0.01,0.01,0.0,0.0,0.0,2021-04-07_15:16:07
0.0,0.01,-0.01,0.0,0.0,0.0,2021-04-07_15:16:07
0.0,-0.01,0.01,0.0,0.0,0.0,2021-04-07_15:16:07
0.0,0.0,0.0,0.0,0.0,0.0,2021-04-07_15:16:07
0.0,0.0,0.0,0.0,0.0,0.0,2021-04-07_15:16:07
0.0,0.0,0.0,0.0,0.0,0.0,2021-04-07_15:16:07
0.0,0.0,0.0,0.0,0.0,0.0,2021-04-07_15:16:07
0.0,0.0,0.0,0.0,0.0,0.0,2021-04-07_15:16:07
0.0,0.0,0.0,0.0,0.0,0.0,2021-04-07_15:16:08
0.0,0.0,0.0,0.0,0.0,0.0,2021-04-07_15:16:08
0.0,0.0,0.0,0.0,0.0,0.0,2021-04-07_15:16:08
0.0,0.0,0.0,0.0,0.0,0.0,2021-04-07_15:16:08
0.0,0.0,0.0,0.0,0.0,0.0,2021-04-07_15:16:08
0.0,0.0,0.0,0.0,0.0,0.0,2021-04-07_15:16:08
0.0,0.0,0.0,0.0,0.0,0.0,2021-04-07_15:16:08
0.0,0.0,0.0,0.0,0.0,0.0,2021-04-07_15:16:08
0.0,0.0,0.0,0.0,0.0,0.0,2021-04-07_15:16:08
0.0,0.0,0.0,0.0,0.0,0.0,2021-04-07_15:16:08
0.0,0.0,0.0,0.0,0.0,0.0,2021-04-07_15:16:08
0.0,0.0,0.0,0.0,0.0,0.0,2021-04-07_15:16:08
0.0,0.0,0.0,0.0,0.0,0.0,2021-04-07_15:16:08
0.0,0.0,0.0,0.0,0.0,0.0,2021-04-07_15:16:08
0.0,0.0,0.0,0.0,0.0,0.0,2021-04-07_15:16:09
0.0,0.0,0.0,0.0,0.0,0.0,2021-04-07_15:16:09
0.0,0.0,0.0,0.0,0.0,0.0,2021-04-07_15:16:09
0.0,0.0,0.0,0.0,0.0,0.0,2021-04-07_15:16:09
0.0,0.0,0.0,0.0,0.0,0.0,2021-04-07_15:16:09
0.0,0.0,0.0,0.0,0.0,0.0,2021-04-07_15:16:09
0.0,0.0,0.0,0.0,0.0,0.0,2021-04-07_15:16:09
0.0,0.0,0.0,0.0,0.0,0.0,2021-04-07_15:16:09
0.0,0.0,0.0,0.0,0.0,0.0,2021-04-07_15:16:09
0.0,0.0,0.0,0.0,0.0,0.0,2021-04-07_15:16:09
0.0,0.0,0.0,0.0,0.0,0.0,2021-04-07_15:16:09
0.0,0.0,0.0,0.0,0.0,0.0,2021-04-07_15:16:09
0.0,0.0,0.0,0.0,0.0,0.0,2021-04-07_15:16:09
0.0,0.0,0.0,0.0,0.0,0.0,2021-04-07_15:16:10
0.0,0.0,0.0,0.0,0.0,0.0,2021-04-07_15:16:10
0.0,0.0,0.0,0.0,0.0,0.0,2021-04-07_15:16:10
0.0,0.0,0.0,0.0,0.0,0.0,2021-04-07_15:16:10
0.0,0.0,0.0,0.0,0.0,0.0,2021-04-07_15:16:10
0.0,0.0,0.0,0.0,0.0,0.0,2021-04-07_15:16:10
0.0,0.0,0.0,0.0,0.0,0.0,2021-04-07_15:16:10
0.0,0.0,0.0,0.0,0.0,0.0,2021-04-07_15:16:10
0.0,0.0,0.0,0.0,0.0,0.0,2021-04-07_15:16:10
0.0,0.0,0.0,0.0,0.0,0.0,2021-04-07_15:16:10
0.0,0.0,0.0,0.0,0.0,0.0,2021-04-07_15:16:10
0.0,0.0,0.0,0.0,0.0,0.0,2021-04-07_15:16:10
0.0,0.0,0.0,0.0,0.0,0.0,2021-04-07_15:16:10
0.0,0.0,0.0,0.0,0.0,0.0,2021-04-07_15:16:10
0.0,0.0,0.0,0.0,0.0,0.0,2021-04-07_15:16:11
0.0,0.0,0.0,0.0,0.0,0.0,2021-04-07_15:16:11
0.0,0.0,0.0,0.0,0.0,0.0,2021-04-07_15:16:11
0.0,0.0,0.0,0.0,0.0,0.0,2021-04-07_15:16:11
0.0,0.0,0.0,0.0,0.0,0.0,2021-04-07_15:16:11
0.0,0.0,0.0,0.0,0.0,0.0,2021-04-07_15:16:11
0.0,0.0,0.0,0.0,0.0,0.0,2021-04-07_15:16:11
0.0,0.0,0.0,0.0,0.0,0.0,2021-04-07_15:16:11
0.0,0.0,0.0,0.0,0.0,0.0,2021-04-07_15:16:11
0.0,0.0,0.0,0.0,0.0,0.0,2021-04-07_15:16:11
0.0,0.0,0.0,0.0,0.0,0.0,2021-04-07_15:16:11
0.0,0.0,0.0,0.0,0.0,0.0,2021-04-07_15:16:11
0.0,0.0,0.0,0.0,0.0,0.0,2021-04-07_15:16:11
0.0,0.0,0.0,0.0,0.0,0.0,2021-04-07_15:16:12
0.0,0.0,0.0,0.0,0.0,0.0,2021-04-07_15:16:12
0.0,0.0,0.0,0.0,0.0,0.0,2021-04-07_15:16:12
0.0,0.0,0.0,0.0,0.0,0.0,2021-04-07_15:16:12
0.0,0.0,0.0,0.0,0.0,0.0,2021-04-07_15:16:12
0.0,0.0,0.0,0.0,0.0,0.0,2021-04-07_15:16:12
0.0,0.0,0.0,0.0,0.0,0.0,2021-04-07_15:16:12
0.0,0.0,0.0,0.0,0.0,0.0,2021-04-07_15:16:12
0.0,0.0,0.0,0.0,0.0,0.0,2021-04-07_15:16:12
0.0,0.0,0.0,0.0,0.0,0.0,2021-04-07_15:16:12
0.0,0.0,0.0,0.0,0.0,0.0,2021-04-07_15:16:12
0.0,0.0,0.0,0.0,0.0,0.0,2021-04-07_15:16:12
0.0,0.0,0.0,0.0,0.0,0.0,2021-04-07_15:16:12
0.0,0.0,0.0,0.0,0.0,0.0,2021-04-07_15:16:13
0.0,0.0,0.0,0.0,0.0,0.0,2021-04-07_15:16:13
0.0,0.0,0.0,0.0,0.0,0.0,2021-04-07_15:16:13
0.0,0.0,0.0,0.0,0.0,0.0,2021-04-07_15:16:13
0.0,0.0,0.0,0.0,0.0,0.0,2021-04-07_15:16:13
0.0,0.0,0.0,0.0,0.0,0.0,2021-04-07_15:16:13
0.0,0.0,0.0,0.0,0.0,0.0,2021-04-07_15:16:13
0.0,0.0,0.0,0.0,0.0,0.0,2021-04-07_15:16:13
0.0,0.0,0.0,0.0,0.0,0.0,2021-04-07_15:16:13
0.0,0.0,0.0,0.0,0.0,0.0,2021-04-07_15:16:13
0.0,0.0,0.0,0.0,0.0,0.0,2021-04-07_15:16:13
0.0,0.0,0.0,0.0,0.0,0.0,2021-04-07_15:16:13
0.0,0.0,0.0,0.0,0.0,0.0,2021-04-07_15:16:13
0.0,0.0,0.0,0.0,0.0,0.0,2021-04-07_15:16:13
0.0,0.0,0.0,0.0,0.0,0.0,2021-04-07_15:16:14
0.0,0.0,0.0,0.0,0.0,0.0,2021-04-07_15:16:14
0.0,0.0,0.0,0.0,0.0,0.0,2021-04-07_15:16:14
0.0,0.0,0.0,0.0,0.0,0.0,2021-04-07_15:16:14
0.0,0.0,0.0,0.0,0.0,0.0,2021-04-07_15:16:14
0.0,0.0,0.0,0.0,0.0,0.0,2021-04-07_15:16:14
0.0,0.0,0.0,0.0,0.0,0.0,2021-04-07_15:16:14
0.0,0.0,0.0,0.0,0.0,0.0,2021-04-07_15:16:14
0.0,0.0,0.0,0.0,0.0,0.0,2021-04-07_15:16:14
0.0,0.0,0.0,0.0,0.0,0.0,2021-04-07_15:16:14
0.0,0.0,0.0,0.0,0.0,0.0,2021-04-07_15:16:14
0.0,0.0,0.0,0.0,0.0,0.0,2021-04-07_15:16:14
0.0,0.0,0.0,0.0,0.0,0.0,2021-04-07_15:16:14
0.0,0.0,0.0,0.0,0.0,0.0,2021-04-07_15:16:15
0.0,0.0,0.0,0.0,0.0,0.0,2021-04-07_15:16:15
0.0,0.0,0.0,0.0,0.0,0.0,2021-04-07_15:16:15
0.0,0.0,0.0,0.0,0.0,0.0,2021-04-07_15:16:15
0.0,0.0,0.0,0.0,0.0,0.0,2021-04-07_15:16:15
0.0,0.0,0.0,0.0,0.0,0.0,2021-04-07_15:16:15
0.0,0.0,0.0,0.0,0.0,0.0,2021-04-07_15:16:15
0.0,0.0,0.0,0.0,0.0,0.0,2021-04-07_15:16:15
0.0,0.0,0.0,0.0,0.0,0.0,2021-04-07_15:16:15
0.0,0.0,0.0,0.0,0.0,0.0,2021-04-07_15:16:15
0.0,0.0,0.0,0.0,0.0,0.0,2021-04-07_15:16:15
0.0,0.0,0.0,0.0,0.0,0.0,2021-04-07_15:16:15
0.0,0.0,0.0,0.0,0.0,0.0,2021-04-07_15:16:15
0.0,0.0,0.0,0.0,0.0,0.0,2021-04-07_15:16:15
0.0,0.0,0.0,0.0,0.0,0.0,2021-04-07_15:16:16
0.0,0.0,0.0,0.0,0.0,0.0,2021-04-07_15:16:16
0.0,0.0,0.0,0.0,0.0,0.0,2021-04-07_15:16:16
0.0,0.0,0.0,0.0,0.0,0.0,2021-04-07_15:16:16
0.0,0.0,0.0,0.0,0.0,0.0,2021-04-07_15:16:16
0.0,0.0,0.0,0.0,0.0,0.0,2021-04-07_15:16:16
0.0,0.0,0.0,0.0,0.0,0.0,2021-04-07_15:16:16
0.0,0.0,0.0,0.0,0.0,0.0,2021-04-07_15:16:16
0.0,0.0,0.0,0.0,0.0,0.0,2021-04-07_15:16:16
0.0,0.0,0.0,0.0,0.0,0.0,2021-04-07_15:16:16
0.0,0.0,0.0,0.0,0.0,0.0,2021-04-07_15:16:16
0.0,0.0,0.0,0.0,0.0,0.0,2021-04-07_15:16:16
0.01,-0.01,0.0,0.0,0.0,0.0,2021-04-07_15:16:16
-0.01,0.01,0.0,0.0,0.0,0.0,2021-04-07_15:16:17
0.0,0.0,0.0,0.0,0.0,0.0,2021-04-07_15:16:17
0.0,0.0,0.0,0.0,0.0,0.0,2021-04-07_15:16:17
0.01,-0.01,0.0,0.0,0.0,0.0,2021-04-07_15:16:17
-0.01,0.01,0.0,0.0,0.0,0.0,2021-04-07_15:16:17
0.0,0.0,0.0,0.0,0.0,0.0,2021-04-07_15:16:17
0.0,0.0,0.0,0.0,0.0,0.0,2021-04-07_15:16:17
0.01,-0.01,0.0,0.0,0.0,0.0,2021-04-07_15:16:17
-0.01,0.01,0.0,0.0,0.0,0.0,2021-04-07_15:16:17
0.0,0.0,0.0,0.0,0.0,0.0,2021-04-07_15:16:17
0.0,0.0,0.0,0.0,0.0,0.0,2021-04-07_15:16:17
0.0,0.0,0.0,0.0,0.0,0.0,2021-04-07_15:16:17
0.0,0.0,0.0,0.0,0.0,0.0,2021-04-07_15:16:17
0.01,-0.01,0.0,0.0,0.0,0.0,2021-04-07_15:16:18
0.0,0.0,0.0,0.0,0.0,0.0,2021-04-07_15:16:18
0.0,0.0,0.0,0.0,0.0,0.0,2021-04-07_15:16:18
-0.01,0.01,0.0,0.0,0.0,0.0,2021-04-07_15:16:18
0.01,-0.01,0.0,0.0,0.0,0.0,2021-04-07_15:16:18
0.0,0.0,0.0,0.0,0.0,0.0,2021-04-07_15:16:18
0.0,0.0,0.0,0.0,0.0,0.0,2021-04-07_15:16:18
-0.01,0.01,0.0,0.0,0.0,0.0,2021-04-07_15:16:18
0.01,-0.01,0.0,0.0,0.0,0.0,2021-04-07_15:16:18
0.0,0.0,0.0,0.0,0.0,0.0,2021-04-07_15:16:18
0.0,0.0,0.0,0.0,0.0,0.0,2021-04-07_15:16:18
-0.01,0.01,0.0,0.0,0.0,0.0,2021-04-07_15:16:18
0.01,-0.01,0.0,0.0,0.0,0.0,2021-04-07_15:16:18
0.0,0.0,0.0,0.0,0.0,0.0,2021-04-07_15:16:18
0.0,0.0,0.0,0.0,0.0,0.0,2021-04-07_15:16:19
0.0,0.0,0.0,0.0,0.0,0.0,2021-04-07_15:16:19
0.0,0.0,0.0,0.0,0.0,0.0,2021-04-07_15:16:19
0.0,0.0,0.0,0.0,0.0,0.0,2021-04-07_15:16:19
0.0,0.0,0.0,0.0,0.0,0.0,2021-04-07_15:16:19
0.0,0.0,0.0,0.0,0.0,0.0,2021-04-07_15:16:19
0.0,0.0,0.0,0.0,0.0,0.0,2021-04-07_15:16:19
0.0,0.0,0.0,0.0,0.0,0.0,2021-04-07_15:16:19
0.0,0.0,0.0,0.0,0.0,0.0,2021-04-07_15:16:19
-0.01,0.0,0.0,0.0,0.0,0.0,2021-04-07_15:16:19
0.01,0.0,0.0,0.0,0.0,0.0,2021-04-07_15:16:19
0.0,0.0,0.0,0.0,0.0,0.0,2021-04-07_15:16:19
0.0,0.0,0.0,0.0,0.0,0.0,2021-04-07_15:16:19
-0.01,0.0,0.0,0.0,0.0,0.0,2021-04-07_15:16:20
0.0,0.0,0.0,0.0,0.0,0.0,2021-04-07_15:16:20
0.0,0.0,0.0,0.0,0.0,0.0,2021-04-07_15:16:20
0.01,0.0,0.0,0.0,0.0,0.0,2021-04-07_15:16:20
-0.01,0.0,0.0,0.0,0.0,0.0,2021-04-07_15:16:20
0.0,0.0,0.0,0.0,0.0,0.0,2021-04-07_15:16:20
0.0,0.0,0.0,0.0,0.0,0.0,2021-04-07_15:16:20
0.01,0.0,0.0,0.0,0.0,0.0,2021-04-07_15:16:20
0.0,0.0,0.0,0.0,0.0,0.0,2021-04-07_15:16:20
0.0,0.0,0.0,0.0,0.0,0.0,2021-04-07_15:16:20
0.0,0.0,0.0,0.0,0.0,0.0,2021-04-07_15:16:20
0.0,0.0,0.0,0.0,0.0,0.0,2021-04-07_15:16:20
0.0,0.0,0.0,0.0,0.0,0.0,2021-04-07_15:16:20
0.0,0.0,0.0,0.0,0.0,0.0,2021-04-07_15:16:21
0.0,0.0,0.0,0.0,0.0,0.0,2021-04-07_15:16:21
0.0,0.0,0.0,0.0,0.0,0.0,2021-04-07_15:16:21
0.0,0.0,0.0,0.0,0.0,0.0,2021-04-07_15:16:21
0.0,0.0,0.0,0.0,0.0,0.0,2021-04-07_15:16:21
0.0,0.0,0.0,0.0,0.0,0.0,2021-04-07_15:16:21
0.0,0.0,0.0,0.0,0.0,0.0,2021-04-07_15:16:21
0.0,0.0,0.0,0.0,0.0,0.0,2021-04-07_15:16:21
0.0,0.0,0.0,0.0,0.0,0.0,2021-04-07_15:16:21
0.01,0.0,0.0,0.0,0.0,0.0,2021-04-07_15:16:21
0.0,0.0,0.0,0.0,0.0,0.0,2021-04-07_15:16:21
0.0,0.0,0.0,0.0,0.0,0.0,2021-04-07_15:16:21
0.0,0.0,0.0,0.0,0.0,0.0,2021-04-07_15:16:21
0.0,0.0,0.0,0.0,0.0,0.0,2021-04-07_15:16:21
0.01,0.0,0.0,0.0,0.0,0.0,2021-04-07_15:16:22
0.01,0.0,0.0,0.0,0.0,0.0,2021-04-07_15:16:22
0.0,0.0,0.0,0.0,0.0,0.0,2021-04-07_15:16:22
0.0,0.0,0.0,0.0,0.0,0.0,2021-04-07_15:16:22
0.0,0.0,0.0,0.0,0.0,0.0,2021-04-07_15:16:22
0.01,0.0,0.0,0.0,0.0,0.0,2021-04-07_15:16:22
0.01,0.01,-0.01,0.0,0.0,0.0,2021-04-07_15:16:22
0.01,0.0,0.0,0.0,0.0,0.0,2021-04-07_15:16:22
0.02,-0.01,0.01,0.0,0.0,0.0,2021-04-07_15:16:22
0.03,0.01,-0.01,0.0,0.0,0.0,2021-04-07_15:16:22
0.03,0.0,0.0,0.0,0.0,0.0,2021-04-07_15:16:22
0.02,0.0,0.0,0.0,0.0,0.0,2021-04-07_15:16:22
0.06,-0.01,0.01,0.0,0.0,0.0,2021-04-07_15:16:22
0.03,0.01,-0.01,0.0,0.0,0.0,2021-04-07_15:16:23
0.03,0.0,0.0,0.0,0.0,0.0,2021-04-07_15:16:23
0.09,0.0,0.0,0.0,0.0,0.0,2021-04-07_15:16:23
0.25,0.0,0.0,0.0,0.0,0.0,2021-04-07_15:16:23
0.02,0.0,0.0,0.0,0.0,0.0,2021-04-07_15:16:23
-0.2,0.0,0.0,0.0,0.0,0.0,2021-04-07_15:16:23
-0.01,0.0,0.0,0.0,0.0,0.0,2021-04-07_15:16:23
0.02,0.0,0.0,0.0,0.0,0.0,2021-04-07_15:16:23
0.0,0.0,0.0,0.0,0.0,0.0,2021-04-07_15:16:23
0.01,0.0,0.0,0.0,0.0,0.0,2021-04-07_15:16:23
0.02,0.0,0.0,0.0,0.0,0.0,2021-04-07_15:16:23
0.01,0.0,0.0,0.0,0.0,0.0,2021-04-07_15:16:23
-0.02,0.0,0.0,0.0,0.0,0.0,2021-04-07_15:16:23
0.01,0.0,0.0,0.0,0.0,0.0,2021-04-07_15:16:23
-0.04,0.0,0.0,0.0,0.0,0.0,2021-04-07_15:16:24
-0.14,0.0,0.0,0.0,0.0,0.0,2021-04-07_15:16:24
-0.13,0.0,0.0,0.0,0.0,0.0,2021-04-07_15:16:24
-0.02,0.0,0.0,0.0,0.0,0.0,2021-04-07_15:16:24
0.01,0.0,0.0,0.0,0.0,0.0,2021-04-07_15:16:24
-0.05,0.0,0.0,0.0,0.0,0.0,2021-04-07_15:16:24
-0.01,0.0,0.0,0.0,0.0,0.0,2021-04-07_15:16:24
-0.02,0.0,0.0,0.0,0.0,0.0,2021-04-07_15:16:24
-0.02,0.0,0.0,0.0,0.0,0.0,2021-04-07_15:16:24
-0.02,0.0,0.0,0.0,0.0,0.0,2021-04-07_15:16:24
-0.01,0.0,0.0,0.0,0.0,0.0,2021-04-07_15:16:24
0.0,0.0,0.0,0.0,0.0,0.0,2021-04-07_15:16:24
0.0,0.0,0.0,0.0,0.0,0.0,2021-04-07_15:16:24
-0.01,0.0,0.0,0.0,0.0,0.0,2021-04-07_15:16:25
0.0,0.0,0.0,0.0,0.0,0.0,2021-04-07_15:16:25
0.0,0.0,0.0,0.0,0.0,0.0,2021-04-07_15:16:25
-0.01,0.0,0.0,0.0,0.0,0.0,2021-04-07_15:16:25
0.0,0.0,0.0,0.0,0.0,0.0,2021-04-07_15:16:25
0.0,0.0,0.0,0.0,0.0,0.0,2021-04-07_15:16:25
0.0,0.0,0.0,0.0,0.0,0.0,2021-04-07_15:16:25
0.0,0.0,0.0,0.0,0.0,0.0,2021-04-07_15:16:25
-0.01,0.0,0.0,0.0,0.0,0.0,2021-04-07_15:16:25
0.0,0.0,0.0,0.0,0.0,0.0,2021-04-07_15:16:25
0.0,0.0,0.0,0.0,0.0,0.0,2021-04-07_15:16:25
0.0,0.0,0.0,0.0,0.0,0.0,2021-04-07_15:16:25
0.0,0.0,0.0,0.0,0.0,0.0,2021-04-07_15:16:25
0.0,0.0,0.0,0.0,0.0,0.0,2021-04-07_15:16:26
0.0,0.0,0.0,0.0,0.0,0.0,2021-04-07_15:16:26
0.0,0.0,0.0,0.0,0.0,0.0,2021-04-07_15:16:26
0.0,0.0,0.0,0.0,0.0,0.0,2021-04-07_15:16:26
0.0,0.0,0.0,0.0,0.0,0.0,2021-04-07_15:16:26
0.0,0.0,0.0,0.0,0.0,0.0,2021-04-07_15:16:26
0.0,0.0,0.0,0.0,0.0,0.0,2021-04-07_15:16:26
0.0,0.0,0.0,0.0,0.0,0.0,2021-04-07_15:16:26
-0.01,0.0,0.0,0.0,0.0,0.0,2021-04-07_15:16:26
0.0,0.0,0.0,0.0,0.0,0.0,2021-04-07_15:16:26
0.0,0.0,0.0,0.0,0.0,0.0,2021-04-07_15:16:26
0.0,0.0,0.0,0.0,0.0,0.0,2021-04-07_15:16:26
0.0,0.0,0.0,0.0,0.0,0.0,2021-04-07_15:16:26
0.0,0.0,0.0,0.0,0.0,0.0,2021-04-07_15:16:26
0.0,0.0,0.0,0.0,0.0,0.0,2021-04-07_15:16:27
0.0,0.0,0.0,0.0,0.0,0.0,2021-04-07_15:16:27
0.0,0.0,0.0,0.0,0.0,0.0,2021-04-07_15:16:27
0.0,0.0,0.0,0.0,0.0,0.0,2021-04-07_15:16:27
0.0,0.0,0.0,0.0,0.0,0.0,2021-04-07_15:16:27
0.0,0.0,0.0,0.0,0.0,0.0,2021-04-07_15:16:27
0.0,0.0,0.0,0.0,0.0,0.0,2021-04-07_15:16:27
0.0,0.0,0.0,0.0,0.0,0.0,2021-04-07_15:16:27
0.0,0.0,0.0,0.0,0.0,0.0,2021-04-07_15:16:27
0.0,0.0,0.0,0.0,0.0,0.0,2021-04-07_15:16:27
0.0,0.0,0.0,0.0,0.0,0.0,2021-04-07_15:16:27
0.0,0.0,0.0,0.0,0.0,0.0,2021-04-07_15:16:27
0.0,0.0,0.0,0.0,0.0,0.0,2021-04-07_15:16:27
0.0,0.0,0.0,0.0,0.0,0.0,2021-04-07_15:16:28
0.0,0.0,0.0,0.0,0.0,0.0,2021-04-07_15:16:28
0.0,0.0,0.0,0.0,0.0,0.0,2021-04-07_15:16:28
0.0,0.0,0.0,0.0,0.0,0.0,2021-04-07_15:16:28
0.0,0.0,0.0,0.0,0.0,0.0,2021-04-07_15:16:28
0.0,0.0,0.0,0.0,0.0,0.0,2021-04-07_15:16:28
0.0,0.0,0.0,0.0,0.0,0.0,2021-04-07_15:16:28
0.0,0.0,0.0,0.0,0.0,0.0,2021-04-07_15:16:28
0.0,0.0,0.0,0.0,0.0,0.0,2021-04-07_15:16:28
0.0,0.0,0.0,0.0,0.0,0.0,2021-04-07_15:16:28
0.0,0.0,0.0,0.0,0.0,0.0,2021-04-07_15:16:28
0.0,0.0,0.0,0.0,0.0,0.0,2021-04-07_15:16:28
0.0,0.0,0.0,0.0,0.0,0.0,2021-04-07_15:16:28
0.0,0.0,0.0,0.0,0.0,0.0,2021-04-07_15:16:29
0.0,0.0,0.0,0.0,0.0,0.0,2021-04-07_15:16:29
0.0,0.0,0.0,0.0,0.0,0.0,2021-04-07_15:16:29
0.0,0.0,0.0,0.0,0.0,0.0,2021-04-07_15:16:29
0.0,0.0,0.0,0.0,0.0,0.0,2021-04-07_15:16:29
0.0,0.0,0.0,0.0,0.0,0.0,2021-04-07_15:16:29
0.0,0.0,0.0,0.0,0.0,0.0,2021-04-07_15:16:29
0.0,0.0,0.0,0.0,0.0,0.0,2021-04-07_15:16:29
0.0,0.0,0.0,0.0,0.0,0.0,2021-04-07_15:16:29
0.0,0.0,0.0,0.0,0.0,0.0,2021-04-07_15:16:29
0.0,0.0,0.0,0.0,0.0,0.0,2021-04-07_15:16:29
0.0,0.0,0.0,0.0,0.0,0.0,2021-04-07_15:16:29
0.0,0.0,0.0,0.0,0.0,0.0,2021-04-07_15:16:29
0.0,0.0,0.0,0.0,0.0,0.0,2021-04-07_15:16:29
0.0,0.0,0.0,0.0,0.0,0.0,2021-04-07_15:16:30
0.0,0.0,0.0,0.0,0.0,0.0,2021-04-07_15:16:30
0.0,0.0,0.0,0.0,0.0,0.0,2021-04-07_15:16:30
0.0,0.0,0.0,0.0,0.0,0.0,2021-04-07_15:16:30
0.0,0.0,0.0,0.0,0.0,0.0,2021-04-07_15:16:30
0.0,0.0,0.0,0.0,0.0,0.0,2021-04-07_15:16:30
0.0,0.0,0.0,0.0,0.0,0.0,2021-04-07_15:16:30
0.0,0.0,0.0,0.0,0.0,0.0,2021-04-07_15:16:30
0.0,0.0,0.0,0.0,0.0,0.0,2021-04-07_15:16:30
0.0,0.0,0.0,0.0,0.0,0.0,2021-04-07_15:16:30
0.0,0.0,0.0,0.0,0.0,0.0,2021-04-07_15:16:30
0.0,0.0,0.0,0.0,0.0,0.0,2021-04-07_15:16:30
0.0,-0.01,0.01,0.0,0.0,0.0,2021-04-07_15:16:30
0.0,0.01,-0.01,0.0,0.0,0.0,2021-04-07_15:16:31
0.0,0.0,0.0,0.0,0.0,0.0,2021-04-07_15:16:31
0.0,0.0,0.0,0.0,0.0,0.0,2021-04-07_15:16:31
0.0,-0.01,0.01,0.0,0.0,0.0,2021-04-07_15:16:31
0.0,0.01,-0.01,0.0,0.0,0.0,2021-04-07_15:16:31
0.0,0.0,0.0,0.0,0.0,0.0,2021-04-07_15:16:31
0.0,-0.01,0.01,0.0,0.0,0.0,2021-04-07_15:16:31
0.0,0.0,0.0,0.0,0.0,0.0,2021-04-07_15:16:31
0.0,0.0,0.0,0.0,0.0,0.0,2021-04-07_15:16:31
0.0,0.01,-0.01,0.0,0.0,0.0,2021-04-07_15:16:31
0.0,-0.01,0.01,0.0,0.0,0.0,2021-04-07_15:16:31
0.0,0.0,0.0,0.0,0.0,0.0,2021-04-07_15:16:31
0.0,0.0,0.0,0.0,0.0,0.0,2021-04-07_15:16:31
-0.01,0.01,0.0,0.0,0.0,0.0,2021-04-07_15:16:31
0.0,0.0,0.0,0.0,0.0,0.0,2021-04-07_15:16:32
0.01,-0.01,0.0,0.0,0.0,0.0,2021-04-07_15:16:32
0.0,0.0,0.0,0.0,0.0,0.0,2021-04-07_15:16:32
-0.01,0.01,0.0,0.0,0.0,0.0,2021-04-07_15:16:32
0.0,0.0,0.0,0.0,0.0,0.0,2021-04-07_15:16:32
0.01,-0.01,0.0,0.0,0.0,0.0,2021-04-07_15:16:32
-0.01,0.01,0.0,0.0,0.0,0.0,2021-04-07_15:16:32
0.0,0.0,0.0,0.0,0.0,0.0,2021-04-07_15:16:32
0.0,0.0,0.0,0.0,0.0,0.0,2021-04-07_15:16:32
0.01,-0.01,0.0,0.0,0.0,0.0,2021-04-07_15:16:32
-0.01,0.01,0.0,0.0,0.0,0.0,2021-04-07_15:16:32
0.0,0.0,0.0,0.0,0.0,0.0,2021-04-07_15:16:32
0.0,0.0,0.0,0.0,0.0,0.0,2021-04-07_15:16:32
0.0,0.0,0.0,0.0,0.0,0.0,2021-04-07_15:16:33
0.0,0.0,0.0,0.0,0.0,0.0,2021-04-07_15:16:33
0.0,0.0,0.0,0.0,0.0,0.0,2021-04-07_15:16:33
0.0,0.0,0.0,0.0,0.0,0.0,2021-04-07_15:16:33
0.0,0.0,0.0,0.0,0.0,0.0,2021-04-07_15:16:33
0.0,0.0,0.0,0.0,0.0,0.0,2021-04-07_15:16:33
0.0,0.0,0.0,0.0,0.0,0.0,2021-04-07_15:16:33
0.01,-0.01,0.0,0.0,0.0,0.0,2021-04-07_15:16:33
-0.01,0.01,0.0,0.0,0.0,0.0,2021-04-07_15:16:33
0.0,0.0,0.0,0.0,0.0,0.0,2021-04-07_15:16:33
0.0,0.0,0.0,0.0,0.0,0.0,2021-04-07_15:16:33
0.01,-0.01,0.0,0.0,0.0,0.0,2021-04-07_15:16:33
-0.01,0.01,0.0,0.0,0.0,0.0,2021-04-07_15:16:33
0.0,0.0,0.0,0.0,0.0,0.0,2021-04-07_15:16:34
0.0,0.0,0.0,0.0,0.0,0.0,2021-04-07_15:16:34
0.01,-0.01,0.0,0.0,0.0,0.0,2021-04-07_15:16:34
-0.01,0.01,0.0,0.0,0.0,0.0,2021-04-07_15:16:34
0.0,0.0,0.0,0.0,0.0,0.0,2021-04-07_15:16:34
0.0,0.0,0.0,0.0,0.0,0.0,2021-04-07_15:16:34
0.0,0.0,0.0,0.0,0.0,0.0,2021-04-07_15:16:34
0.0,0.0,0.0,0.0,0.0,0.0,2021-04-07_15:16:34
0.0,0.0,0.0,0.0,0.0,0.0,2021-04-07_15:16:34
0.0,0.0,0.0,0.0,0.0,0.0,2021-04-07_15:16:34
0.0,0.0,0.0,0.0,0.0,0.0,2021-04-07_15:16:34
0.0,0.0,0.0,0.0,0.0,0.0,2021-04-07_15:16:34
0.0,0.0,0.0,0.0,0.0,0.0,2021-04-07_15:16:34
0.0,0.0,0.0,0.0,0.0,0.0,2021-04-07_15:16:34
0.01,0.0,0.0,0.0,0.0,0.0,2021-04-07_15:16:35
-0.01,0.0,0.0,0.0,0.0,0.0,2021-04-07_15:16:35
0.0,0.0,0.0,0.0,0.0,0.0,2021-04-07_15:16:35
0.0,0.0,0.0,0.0,0.0,0.0,2021-04-07_15:16:35
