0,1,2,3,4,5,6
0.0,0.0,0.0,0.0,0.0,0.0,2021-04-07_16:10:09
0.0,0.0,0.0,0.0,0.0,0.0,2021-04-07_16:10:09
0.0,0.0,0.0,0.0,0.0,0.0,2021-04-07_16:10:09
0.0,0.0,0.0,0.0,0.0,0.0,2021-04-07_16:10:09
0.0,0.0,0.0,0.0,0.0,0.0,2021-04-07_16:10:09
0.0,0.0,0.0,0.0,0.0,0.0,2021-04-07_16:10:09
0.0,0.0,0.0,0.0,0.0,0.0,2021-04-07_16:10:09
0.0,0.0,0.0,0.0,0.0,0.0,2021-04-07_16:10:09
0.0,0.0,0.0,0.0,0.0,0.0,2021-04-07_16:10:09
0.0,0.0,0.0,0.0,0.0,0.0,2021-04-07_16:10:10
0.0,0.0,0.0,0.0,0.0,0.0,2021-04-07_16:10:10
0.0,0.0,0.0,0.0,0.0,0.0,2021-04-07_16:10:10
0.0,0.0,0.0,0.0,0.0,0.0,2021-04-07_16:10:10
0.0,0.0,0.0,0.0,0.0,0.0,2021-04-07_16:10:10
0.0,0.0,0.0,0.0,0.0,0.0,2021-04-07_16:10:10
0.0,0.0,0.0,0.0,0.0,0.0,2021-04-07_16:10:10
0.0,0.0,0.0,0.0,0.0,0.0,2021-04-07_16:10:10
0.0,0.0,0.0,0.0,0.0,0.0,2021-04-07_16:10:10
0.0,0.0,0.0,0.0,0.0,0.0,2021-04-07_16:10:10
0.0,0.0,0.0,0.0,0.0,0.0,2021-04-07_16:10:10
0.0,0.0,0.0,0.0,0.0,0.0,2021-04-07_16:10:10
0.0,0.0,0.0,0.0,0.0,0.0,2021-04-07_16:10:10
0.0,0.0,0.0,0.0,0.0,0.0,2021-04-07_16:10:11
0.0,0.0,0.0,0.0,0.0,0.0,2021-04-07_16:10:11
0.0,0.0,0.0,0.0,0.0,0.0,2021-04-07_16:10:11
0.0,0.0,0.0,0.0,0.0,0.0,2021-04-07_16:10:11
0.0,0.0,0.0,0.0,0.0,0.0,2021-04-07_16:10:11
0.0,0.0,0.0,0.0,0.0,0.0,2021-04-07_16:10:11
0.0,0.0,0.0,0.0,0.0,0.0,2021-04-07_16:10:11
0.0,0.0,0.0,0.0,0.0,0.0,2021-04-07_16:10:11
0.0,0.0,0.0,0.0,0.0,0.0,2021-04-07_16:10:11
0.0,0.0,0.0,0.0,0.0,0.0,2021-04-07_16:10:11
0.0,0.0,0.0,0.0,0.0,0.0,2021-04-07_16:10:11
0.0,0.0,0.0,0.0,0.0,0.0,2021-04-07_16:10:11
0.0,0.0,0.0,0.0,0.0,0.0,2021-04-07_16:10:11
0.0,0.0,0.0,0.0,0.0,0.0,2021-04-07_16:10:12
0.0,0.0,0.0,0.0,0.0,0.0,2021-04-07_16:10:12
0.0,0.0,0.0,0.0,0.0,0.0,2021-04-07_16:10:12
0.0,0.0,0.0,0.0,0.0,0.0,2021-04-07_16:10:12
0.0,0.0,0.0,0.0,0.0,0.0,2021-04-07_16:10:12
0.0,0.0,0.0,0.0,0.0,0.0,2021-04-07_16:10:12
0.0,0.0,0.0,0.0,0.0,0.0,2021-04-07_16:10:12
0.0,0.0,0.0,0.0,0.0,0.0,2021-04-07_16:10:12
0.0,0.0,0.0,0.0,0.0,0.0,2021-04-07_16:10:12
0.0,0.0,0.0,0.0,0.0,0.0,2021-04-07_16:10:12
0.0,0.0,0.0,0.0,0.0,0.0,2021-04-07_16:10:12
0.0,0.0,0.0,0.0,0.0,0.0,2021-04-07_16:10:12
0.0,0.0,0.0,0.0,0.0,0.0,2021-04-07_16:10:12
0.0,0.0,0.0,0.0,0.0,0.0,2021-04-07_16:10:12
0.0,0.0,0.0,0.0,0.0,0.0,2021-04-07_16:10:13
0.0,0.0,0.0,0.0,0.0,0.0,2021-04-07_16:10:13
0.0,0.0,0.0,0.0,0.0,0.0,2021-04-07_16:10:13
0.0,0.0,0.0,0.0,0.0,0.0,2021-04-07_16:10:13
0.0,0.0,0.0,0.0,0.0,0.0,2021-04-07_16:10:13
0.0,0.0,0.0,0.0,0.0,0.0,2021-04-07_16:10:13
0.0,0.0,0.0,0.0,0.0,0.0,2021-04-07_16:10:13
0.0,0.0,0.0,0.0,0.0,0.0,2021-04-07_16:10:13
0.0,0.0,0.0,0.0,0.0,0.0,2021-04-07_16:10:13
0.0,0.0,0.0,0.0,0.0,0.0,2021-04-07_16:10:13
0.0,0.0,0.0,0.0,0.0,0.0,2021-04-07_16:10:13
0.0,0.0,0.0,0.0,0.0,0.0,2021-04-07_16:10:13
0.0,0.0,0.0,0.0,0.0,0.0,2021-04-07_16:10:13
0.0,0.0,0.0,0.0,0.0,0.0,2021-04-07_16:10:14
0.0,0.0,0.0,0.0,0.0,0.0,2021-04-07_16:10:14
0.0,0.0,0.0,0.0,0.0,0.0,2021-04-07_16:10:14
0.0,0.0,0.0,0.0,0.0,0.0,2021-04-07_16:10:14
0.0,0.0,0.0,0.0,0.0,0.0,2021-04-07_16:10:14
0.0,0.0,0.0,0.0,0.0,0.0,2021-04-07_16:10:14
0.0,0.0,0.0,0.0,0.0,0.0,2021-04-07_16:10:14
0.0,0.0,0.0,0.0,0.0,0.0,2021-04-07_16:10:14
0.0,0.0,0.0,0.0,0.0,0.0,2021-04-07_16:10:14
0.0,0.0,0.0,0.0,0.0,0.0,2021-04-07_16:10:14
0.0,0.0,0.0,0.0,0.0,0.0,2021-04-07_16:10:14
0.0,0.0,0.0,0.0,0.0,0.0,2021-04-07_16:10:14
0.0,0.0,0.0,0.0,0.0,0.0,2021-04-07_16:10:14
0.0,0.0,0.0,0.0,0.0,0.0,2021-04-07_16:10:14
0.0,0.0,0.0,0.0,0.0,0.0,2021-04-07_16:10:15
0.0,0.0,0.0,0.0,0.0,0.0,2021-04-07_16:10:15
0.0,0.0,0.0,0.0,0.0,0.0,2021-04-07_16:10:15
0.0,0.0,0.0,0.0,0.0,0.0,2021-04-07_16:10:15
0.0,0.0,0.0,0.0,0.0,0.0,2021-04-07_16:10:15
0.0,0.0,0.0,0.0,0.0,0.0,2021-04-07_16:10:15
0.0,0.0,0.0,0.0,0.0,0.0,2021-04-07_16:10:15
0.0,0.0,0.0,0.0,0.0,0.0,2021-04-07_16:10:15
0.0,0.0,0.0,0.0,0.0,0.0,2021-04-07_16:10:15
0.0,0.0,0.0,0.0,0.0,0.0,2021-04-07_16:10:15
0.0,0.0,0.0,0.0,0.0,0.0,2021-04-07_16:10:15
0.0,0.0,0.0,0.0,0.0,0.0,2021-04-07_16:10:15
0.0,0.0,0.0,0.0,0.0,0.0,2021-04-07_16:10:15
0.0,0.0,0.0,0.0,0.0,0.0,2021-04-07_16:10:16
0.0,0.0,0.0,0.0,0.0,0.0,2021-04-07_16:10:16
0.0,0.0,0.0,0.0,0.0,0.0,2021-04-07_16:10:16
0.0,0.0,0.0,0.0,0.0,0.0,2021-04-07_16:10:16
0.0,0.0,0.0,0.0,0.0,0.0,2021-04-07_16:10:16
0.0,0.0,0.0,0.0,0.0,0.0,2021-04-07_16:10:16
0.0,0.0,0.0,0.0,0.0,0.0,2021-04-07_16:10:16
0.0,0.0,0.0,0.0,0.0,0.0,2021-04-07_16:10:16
0.0,0.0,0.0,0.0,0.0,0.0,2021-04-07_16:10:16
0.0,0.0,0.0,0.0,0.0,0.0,2021-04-07_16:10:16
0.0,0.0,0.0,0.0,0.0,0.0,2021-04-07_16:10:16
0.0,0.0,0.0,0.0,0.0,0.0,2021-04-07_16:10:16
0.0,0.0,0.0,0.0,0.0,0.0,2021-04-07_16:10:16
0.0,0.0,0.0,0.0,0.0,0.0,2021-04-07_16:10:17
0.0,0.0,0.0,0.0,-0.01,0.01,2021-04-07_16:10:17
0.0,0.0,0.0,0.0,0.0,0.0,2021-04-07_16:10:17
0.0,0.0,0.0,0.0,0.0,0.0,2021-04-07_16:10:17
0.0,0.0,0.0,0.0,0.0,0.0,2021-04-07_16:10:17
0.0,0.0,0.0,0.0,0.0,0.0,2021-04-07_16:10:17
0.0,0.0,0.0,0.0,-0.01,0.01,2021-04-07_16:10:17
0.0,0.0,0.0,0.0,0.0,0.0,2021-04-07_16:10:17
0.0,0.0,0.0,0.0,0.0,0.0,2021-04-07_16:10:17
0.0,0.0,0.0,0.0,-0.01,0.01,2021-04-07_16:10:17
0.0,0.0,0.0,0.0,0.0,0.0,2021-04-07_16:10:17
0.0,0.0,0.0,0.0,-0.02,0.02,2021-04-07_16:10:17
0.0,0.0,0.0,0.0,-0.03,0.03,2021-04-07_16:10:17
0.0,0.0,0.0,0.0,-0.04,0.04,2021-04-07_16:10:17
0.0,0.0,0.0,0.0,-0.04,0.04,2021-04-07_16:10:18
0.0,0.0,0.0,0.0,-0.03,0.03,2021-04-07_16:10:18
0.0,0.0,0.0,0.0,-0.04,0.04,2021-04-07_16:10:18
0.0,0.0,0.0,0.0,-0.06,0.06,2021-04-07_16:10:18
0.0,0.0,0.0,0.0,-0.05,0.05,2021-04-07_16:10:18
0.0,0.0,0.0,0.0,-0.03,0.03,2021-04-07_16:10:18
0.0,0.0,0.0,0.0,-0.07,0.07,2021-04-07_16:10:18
0.0,0.0,0.0,0.0,-0.08,0.08,2021-04-07_16:10:18
0.0,0.0,0.0,0.0,-0.12,0.12,2021-04-07_16:10:18
0.0,0.0,0.0,0.0,-0.06,0.06,2021-04-07_16:10:18
0.0,0.0,0.0,0.0,-0.08,0.08,2021-04-07_16:10:18
0.0,0.0,0.0,0.0,-0.12,0.12,2021-04-07_16:10:18
0.0,0.0,0.0,0.0,-0.09,0.09,2021-04-07_16:10:18
0.0,0.0,0.0,0.0,-0.1,0.1,2021-04-07_16:10:19
0.0,0.0,0.0,0.0,-0.22,0.22,2021-04-07_16:10:19
0.0,0.0,0.0,0.0,-0.17,0.17,2021-04-07_16:10:19
0.0,0.0,0.0,0.0,-0.13,0.13,2021-04-07_16:10:19
0.0,0.0,0.0,0.0,-0.09,0.09,2021-04-07_16:10:19
0.0,0.0,0.0,0.0,-0.12,0.12,2021-04-07_16:10:19
0.0,0.0,0.0,0.0,-0.24,0.24,2021-04-07_16:10:19
0.0,0.0,0.0,0.0,-0.22,0.22,2021-04-07_16:10:19
0.0,0.0,0.0,0.0,-0.27,0.27,2021-04-07_16:10:19
0.0,0.0,0.0,0.0,-0.24,0.24,2021-04-07_16:10:19
0.0,0.0,0.0,0.0,-0.23,0.23,2021-04-07_16:10:19
0.0,0.0,0.0,0.0,-0.28,0.28,2021-04-07_16:10:19
0.0,0.0,0.0,0.0,-0.21,0.21,2021-04-07_16:10:19
0.0,0.0,0.0,0.0,-0.07,0.07,2021-04-07_16:10:19
0.0,0.0,0.0,0.0,-0.04,0.04,2021-04-07_16:10:20
0.0,0.0,0.0,0.0,-0.04,0.04,2021-04-07_16:10:20
0.0,0.0,0.0,0.0,-0.03,0.03,2021-04-07_16:10:20
0.0,0.0,0.0,0.0,-0.03,0.03,2021-04-07_16:10:20
0.0,0.0,0.0,0.0,-0.02,0.02,2021-04-07_16:10:20
0.0,0.0,0.0,0.0,-0.01,0.01,2021-04-07_16:10:20
0.0,0.0,0.0,0.0,0.0,0.0,2021-04-07_16:10:20
0.0,0.0,0.0,0.0,-0.02,0.02,2021-04-07_16:10:20
0.0,0.0,0.0,0.0,-0.01,0.01,2021-04-07_16:10:20
0.0,0.0,0.0,0.0,0.01,-0.01,2021-04-07_16:10:20
0.0,0.0,0.0,0.0,-0.01,0.01,2021-04-07_16:10:20
0.0,0.0,0.0,0.0,-0.01,0.01,2021-04-07_16:10:20
0.0,0.0,0.0,0.0,0.0,0.0,2021-04-07_16:10:20
0.0,0.0,0.0,0.0,0.0,0.0,2021-04-07_16:10:21
0.0,0.0,0.0,0.0,-0.01,0.01,2021-04-07_16:10:21
0.0,0.0,0.0,0.0,0.0,0.0,2021-04-07_16:10:21
0.0,0.0,0.0,0.0,0.0,0.0,2021-04-07_16:10:21
0.0,0.0,0.0,0.0,0.0,0.0,2021-04-07_16:10:21
0.0,0.0,0.0,0.0,0.0,0.0,2021-04-07_16:10:21
0.0,0.0,0.0,0.0,-0.01,0.01,2021-04-07_16:10:21
0.0,0.0,0.0,0.0,0.0,0.0,2021-04-07_16:10:21
0.0,0.0,0.0,0.0,0.0,0.0,2021-04-07_16:10:21
0.0,0.0,0.0,0.0,-0.01,0.01,2021-04-07_16:10:21
0.0,0.0,0.0,0.0,0.02,-0.02,2021-04-07_16:10:21
0.0,0.0,0.0,0.0,-0.01,0.01,2021-04-07_16:10:21
0.0,0.0,0.0,0.0,-0.02,0.02,2021-04-07_16:10:21
0.0,0.0,0.0,0.0,0.01,-0.01,2021-04-07_16:10:22
0.0,0.0,0.0,0.0,0.0,0.0,2021-04-07_16:10:22
0.0,0.0,0.0,0.0,0.0,0.0,2021-04-07_16:10:22
0.0,0.0,0.0,0.0,-0.01,0.01,2021-04-07_16:10:22
0.0,0.0,0.0,0.0,0.01,-0.01,2021-04-07_16:10:22
0.0,0.0,0.0,0.0,0.0,0.0,2021-04-07_16:10:22
0.0,0.0,0.0,0.0,-0.01,0.01,2021-04-07_16:10:22
0.0,0.0,0.0,0.0,0.0,0.0,2021-04-07_16:10:22
0.0,0.0,0.0,0.0,0.0,0.0,2021-04-07_16:10:22
0.0,0.0,0.0,0.0,0.0,0.0,2021-04-07_16:10:22
0.0,0.0,0.0,0.0,-0.01,0.01,2021-04-07_16:10:22
0.0,0.0,0.0,0.0,0.01,-0.01,2021-04-07_16:10:22
0.0,0.0,0.0,0.0,0.0,0.0,2021-04-07_16:10:22
0.0,0.0,0.0,0.0,-0.01,0.01,2021-04-07_16:10:22
0.0,0.0,0.0,0.0,0.0,0.0,2021-04-07_16:10:23
0.0,0.0,0.0,0.0,0.0,0.0,2021-04-07_16:10:23
0.0,0.0,0.0,0.0,0.0,0.0,2021-04-07_16:10:23
0.0,0.0,0.0,0.0,-0.01,0.01,2021-04-07_16:10:23
0.0,0.0,0.0,0.0,0.01,-0.01,2021-04-07_16:10:23
0.0,0.0,0.0,0.0,-0.01,0.01,2021-04-07_16:10:23
0.0,0.0,0.0,0.0,-0.01,0.01,2021-04-07_16:10:23
0.0,0.0,0.0,0.0,0.01,-0.01,2021-04-07_16:10:23
0.0,0.0,0.0,0.0,-0.01,0.01,2021-04-07_16:10:23
0.0,0.0,0.0,0.0,0.0,0.0,2021-04-07_16:10:23
0.0,0.0,0.0,0.0,0.0,0.0,2021-04-07_16:10:23
0.0,0.0,0.0,0.0,0.0,0.0,2021-04-07_16:10:23
0.0,0.0,0.0,0.0,-0.01,0.01,2021-04-07_16:10:23
0.0,0.0,0.0,0.0,0.0,0.0,2021-04-07_16:10:24
0.0,0.0,0.0,0.0,0.0,0.0,2021-04-07_16:10:24
0.0,0.0,0.0,0.0,0.01,-0.01,2021-04-07_16:10:24
0.0,0.0,0.0,0.0,-0.01,0.01,2021-04-07_16:10:24
0.0,0.0,0.0,0.0,-0.01,0.01,2021-04-07_16:10:24
0.0,0.0,0.0,0.0,0.0,0.0,2021-04-07_16:10:24
0.0,0.0,0.0,0.0,0.01,-0.01,2021-04-07_16:10:24
0.0,0.0,0.0,0.0,0.0,0.0,2021-04-07_16:10:24
0.0,0.0,0.0,0.0,-0.01,0.01,2021-04-07_16:10:24
0.0,0.0,0.0,0.0,0.01,-0.01,2021-04-07_16:10:24
0.0,0.0,0.0,0.0,0.02,-0.02,2021-04-07_16:10:24
0.0,0.0,0.0,0.0,0.03,-0.03,2021-04-07_16:10:24
0.0,0.0,0.0,0.0,0.09,-0.09,2021-04-07_16:10:24
0.0,0.0,0.0,0.0,0.54,-0.54,2021-04-07_16:10:25
0.0,0.0,0.0,0.0,0.29,-0.29,2021-04-07_16:10:25
0.0,0.0,0.0,0.0,0.46,-0.46,2021-04-07_16:10:25
0.0,0.0,0.0,0.0,0.48,-0.48,2021-04-07_16:10:25
0.0,0.0,0.0,0.0,0.23,-0.23,2021-04-07_16:10:25
0.0,0.0,0.0,0.0,0.23,-0.23,2021-04-07_16:10:25
0.0,0.0,0.0,0.0,0.25,-0.25,2021-04-07_16:10:25
0.0,0.0,0.0,0.0,0.29,-0.29,2021-04-07_16:10:25
0.0,0.0,0.0,0.0,0.14,-0.14,2021-04-07_16:10:25
0.0,0.0,0.0,0.0,0.13,-0.13,2021-04-07_16:10:25
0.0,0.0,0.0,0.0,0.09,-0.09,2021-04-07_16:10:25
0.0,0.0,0.0,0.0,0.14,-0.14,2021-04-07_16:10:25
0.0,0.0,0.0,0.0,0.07,-0.07,2021-04-07_16:10:25
0.0,0.0,0.0,0.0,0.07,-0.07,2021-04-07_16:10:25
0.0,0.0,0.0,0.0,0.06,-0.06,2021-04-07_16:10:26
0.0,0.0,0.0,0.0,0.06,-0.06,2021-04-07_16:10:26
0.0,0.0,0.0,0.0,0.07,-0.07,2021-04-07_16:10:26
0.0,0.0,0.0,0.0,0.04,-0.04,2021-04-07_16:10:26
0.0,0.0,0.0,0.0,0.01,-0.01,2021-04-07_16:10:26
0.0,0.0,0.0,0.0,0.03,-0.03,2021-04-07_16:10:26
0.0,0.0,0.0,0.0,0.02,-0.02,2021-04-07_16:10:26
0.0,0.0,0.0,0.0,0.01,-0.01,2021-04-07_16:10:26
0.0,0.0,0.0,0.0,0.0,0.0,2021-04-07_16:10:26
0.0,0.0,0.0,0.0,0.0,0.0,2021-04-07_16:10:26
0.0,0.0,0.0,0.0,0.01,-0.01,2021-04-07_16:10:26
0.0,0.0,0.0,0.0,0.0,0.0,2021-04-07_16:10:26
0.0,0.0,0.0,0.0,0.0,0.0,2021-04-07_16:10:26
0.0,0.0,0.0,0.0,0.0,0.0,2021-04-07_16:10:27
0.0,0.0,0.0,0.0,0.0,0.0,2021-04-07_16:10:27
0.0,0.0,0.0,0.0,0.01,-0.01,2021-04-07_16:10:27
0.0,0.0,0.0,0.0,0.0,0.0,2021-04-07_16:10:27
0.0,0.0,0.0,0.0,0.0,0.0,2021-04-07_16:10:27
0.0,0.0,0.0,0.0,0.0,0.0,2021-04-07_16:10:27
0.0,0.0,0.0,0.0,0.0,0.0,2021-04-07_16:10:27
0.0,0.0,0.0,0.0,0.0,0.0,2021-04-07_16:10:27
0.0,0.0,0.0,0.0,0.0,0.0,2021-04-07_16:10:27
0.0,0.0,0.0,0.0,0.0,0.0,2021-04-07_16:10:27
0.0,0.0,0.0,0.0,0.0,0.0,2021-04-07_16:10:27
0.0,0.0,0.0,0.0,0.0,0.0,2021-04-07_16:10:27
0.0,0.0,0.0,0.0,0.0,0.0,2021-04-07_16:10:27
0.0,0.0,0.0,0.0,0.0,0.0,2021-04-07_16:10:27
0.0,0.0,0.0,0.0,0.0,0.0,2021-04-07_16:10:28
0.0,0.0,0.0,0.0,0.0,0.0,2021-04-07_16:10:28
0.0,0.0,0.0,0.0,0.0,0.0,2021-04-07_16:10:28
0.0,0.0,0.0,0.0,0.0,0.0,2021-04-07_16:10:28
0.0,0.0,0.0,0.0,0.0,0.0,2021-04-07_16:10:28
0.0,0.0,0.0,0.0,0.0,0.0,2021-04-07_16:10:28
0.0,0.0,0.0,0.0,0.0,0.0,2021-04-07_16:10:28
0.0,0.0,0.0,0.0,0.0,0.0,2021-04-07_16:10:28
0.0,0.0,0.0,0.0,0.0,0.0,2021-04-07_16:10:28
0.0,0.0,0.0,0.0,0.0,0.0,2021-04-07_16:10:28
0.0,0.0,0.0,0.0,0.0,0.0,2021-04-07_16:10:28
0.0,0.0,0.0,0.0,0.0,0.0,2021-04-07_16:10:28
0.0,0.0,0.0,0.0,0.0,0.0,2021-04-07_16:10:28
0.0,0.0,0.0,0.0,0.0,0.0,2021-04-07_16:10:29
0.0,0.0,0.0,0.0,0.0,0.0,2021-04-07_16:10:29
0.0,0.0,0.0,0.0,0.0,0.0,2021-04-07_16:10:29
0.0,0.0,0.0,0.0,0.0,0.0,2021-04-07_16:10:29
0.0,0.0,0.0,0.0,0.0,0.0,2021-04-07_16:10:29
0.0,0.0,0.0,0.0,0.0,0.0,2021-04-07_16:10:29
0.0,0.0,0.0,0.0,0.0,0.0,2021-04-07_16:10:29
0.0,0.0,0.0,0.0,0.0,0.0,2021-04-07_16:10:29
0.0,0.0,0.0,0.0,0.0,0.0,2021-04-07_16:10:29
0.0,0.0,0.0,0.0,0.0,0.0,2021-04-07_16:10:29
0.0,0.0,0.0,0.0,0.0,0.0,2021-04-07_16:10:29
0.0,0.0,0.0,0.0,0.0,0.0,2021-04-07_16:10:29
0.0,0.0,0.0,0.0,0.0,0.0,2021-04-07_16:10:29
0.0,0.0,0.0,0.0,0.0,0.0,2021-04-07_16:10:30
0.0,0.0,0.0,0.0,0.0,0.0,2021-04-07_16:10:30
0.0,0.0,0.0,0.0,0.0,0.0,2021-04-07_16:10:30
0.0,0.0,0.0,0.0,0.0,0.0,2021-04-07_16:10:30
0.0,0.0,0.0,0.0,0.0,0.0,2021-04-07_16:10:30
0.0,0.0,0.0,0.0,0.0,0.0,2021-04-07_16:10:30
0.0,0.0,0.0,0.0,0.0,0.0,2021-04-07_16:10:30
0.0,0.0,0.0,0.0,0.0,0.0,2021-04-07_16:10:30
0.0,0.0,0.0,0.0,0.0,0.0,2021-04-07_16:10:30
0.0,0.0,0.0,0.0,0.0,0.0,2021-04-07_16:10:30
0.0,0.0,0.0,0.0,0.0,0.0,2021-04-07_16:10:30
0.0,0.0,0.0,0.0,0.0,0.0,2021-04-07_16:10:30
0.0,0.0,0.0,0.0,0.0,0.0,2021-04-07_16:10:30
0.0,0.0,0.0,0.0,0.0,0.0,2021-04-07_16:10:30
0.0,0.0,0.0,0.0,0.0,0.0,2021-04-07_16:10:31
0.0,0.0,0.0,0.0,0.0,0.0,2021-04-07_16:10:31
0.0,0.0,0.0,0.0,0.0,0.0,2021-04-07_16:10:31
0.0,0.0,0.0,0.0,0.0,0.0,2021-04-07_16:10:31
0.0,0.0,0.0,0.0,0.0,0.0,2021-04-07_16:10:31
0.0,0.0,0.0,0.0,0.0,0.0,2021-04-07_16:10:31
0.0,0.0,0.0,0.0,0.0,0.0,2021-04-07_16:10:31
0.0,0.0,0.0,0.0,0.0,0.0,2021-04-07_16:10:31
0.0,0.0,0.0,0.0,0.0,0.0,2021-04-07_16:10:31
0.0,0.0,0.0,0.0,0.0,0.0,2021-04-07_16:10:31
0.0,0.0,0.0,0.0,0.0,0.0,2021-04-07_16:10:31
0.0,0.0,0.0,0.0,0.0,0.0,2021-04-07_16:10:31
0.0,0.0,0.0,0.0,0.0,0.0,2021-04-07_16:10:31
0.0,0.0,0.0,0.0,0.0,0.0,2021-04-07_16:10:32
0.0,0.0,0.0,0.0,0.0,0.0,2021-04-07_16:10:32
0.0,0.0,0.0,0.0,0.0,0.0,2021-04-07_16:10:32
0.0,0.0,0.0,0.0,0.0,0.0,2021-04-07_16:10:32
0.0,0.0,0.0,0.0,0.0,0.0,2021-04-07_16:10:32
0.0,0.0,0.0,0.0,0.0,0.0,2021-04-07_16:10:32
0.0,0.0,0.0,0.0,0.0,0.0,2021-04-07_16:10:32
0.0,0.0,0.0,0.0,0.0,0.0,2021-04-07_16:10:32
0.0,0.0,0.0,0.0,0.0,0.0,2021-04-07_16:10:32
0.0,0.0,0.0,0.0,0.0,0.0,2021-04-07_16:10:32
0.0,0.0,0.0,0.0,0.0,0.0,2021-04-07_16:10:32
0.0,0.0,0.0,0.0,0.0,0.0,2021-04-07_16:10:32
0.0,0.0,0.0,0.0,0.0,0.0,2021-04-07_16:10:32
0.0,0.0,0.0,0.0,0.0,0.0,2021-04-07_16:10:33
0.0,0.0,0.0,0.0,0.0,0.0,2021-04-07_16:10:33
0.0,0.0,0.0,0.0,0.0,0.0,2021-04-07_16:10:33
0.0,0.0,0.0,0.0,0.0,0.0,2021-04-07_16:10:33
0.0,0.0,0.0,0.0,0.0,0.0,2021-04-07_16:10:33
0.0,0.0,0.0,0.0,0.0,0.0,2021-04-07_16:10:33
0.0,0.0,0.0,0.0,0.0,0.0,2021-04-07_16:10:33
0.0,0.0,0.0,0.0,0.0,0.0,2021-04-07_16:10:33
0.0,0.0,0.0,0.0,0.0,0.0,2021-04-07_16:10:33
0.0,0.0,0.0,0.0,0.0,0.0,2021-04-07_16:10:33
0.0,0.0,0.0,0.0,0.0,0.0,2021-04-07_16:10:33
0.0,0.0,0.0,0.0,0.0,0.0,2021-04-07_16:10:33
0.0,0.0,0.0,0.0,0.0,0.0,2021-04-07_16:10:33
0.0,0.0,0.0,0.0,0.0,0.0,2021-04-07_16:10:33
0.0,0.0,0.0,0.0,0.0,0.0,2021-04-07_16:10:34
0.0,0.0,0.0,0.0,0.0,0.0,2021-04-07_16:10:34
0.0,0.0,0.0,0.0,0.0,0.0,2021-04-07_16:10:34
0.0,0.0,0.0,0.0,0.0,0.0,2021-04-07_16:10:34
0.0,0.0,0.0,0.0,0.0,0.0,2021-04-07_16:10:34
0.0,0.0,0.0,0.0,0.0,0.0,2021-04-07_16:10:34
0.0,0.0,0.0,0.0,0.0,0.0,2021-04-07_16:10:34
0.0,0.0,0.0,0.0,0.0,0.0,2021-04-07_16:10:34
0.0,0.0,0.0,0.0,0.0,0.0,2021-04-07_16:10:34
0.0,0.0,0.0,0.0,0.0,0.0,2021-04-07_16:10:34
0.0,0.0,0.0,0.0,0.0,0.0,2021-04-07_16:10:34
0.0,0.0,0.0,0.0,0.0,0.0,2021-04-07_16:10:34
0.0,0.0,0.0,0.0,0.0,0.0,2021-04-07_16:10:34
0.0,0.0,0.0,0.0,0.0,0.0,2021-04-07_16:10:35
0.0,0.0,0.0,0.0,0.0,0.0,2021-04-07_16:10:35
0.0,0.0,0.0,0.0,0.0,0.0,2021-04-07_16:10:35
0.0,0.0,0.0,0.0,0.0,0.0,2021-04-07_16:10:35
0.0,0.0,0.0,0.0,0.0,0.0,2021-04-07_16:10:35
0.0,0.0,0.0,0.0,0.0,0.0,2021-04-07_16:10:35
0.0,0.0,0.0,0.0,0.0,0.0,2021-04-07_16:10:35
0.0,0.0,0.0,0.0,0.0,0.0,2021-04-07_16:10:35
0.0,0.0,0.0,0.0,0.0,0.0,2021-04-07_16:10:35
0.0,0.0,0.0,0.0,0.0,0.0,2021-04-07_16:10:35
0.0,0.0,0.0,0.0,0.0,0.0,2021-04-07_16:10:35
0.0,0.0,0.0,0.0,0.0,0.0,2021-04-07_16:10:35
0.0,0.0,0.0,0.0,0.0,0.0,2021-04-07_16:10:35
0.0,0.0,0.0,0.0,0.0,0.0,2021-04-07_16:10:35
0.0,0.0,0.0,0.0,0.0,0.0,2021-04-07_16:10:36
0.0,0.0,0.0,0.0,0.0,0.0,2021-04-07_16:10:36
0.0,0.0,0.0,0.0,0.0,0.0,2021-04-07_16:10:36
0.0,0.0,0.0,0.0,0.0,0.0,2021-04-07_16:10:36
0.0,0.0,0.0,0.0,0.0,0.0,2021-04-07_16:10:36
0.0,0.0,0.0,0.0,0.0,0.0,2021-04-07_16:10:36
0.0,0.0,0.0,0.0,0.0,0.0,2021-04-07_16:10:36
0.0,0.0,0.0,0.0,0.0,0.0,2021-04-07_16:10:36
0.0,0.0,0.0,0.0,0.0,0.0,2021-04-07_16:10:36
0.0,0.0,0.0,0.0,0.0,0.0,2021-04-07_16:10:36
0.0,0.0,0.0,0.0,0.0,0.0,2021-04-07_16:10:36
0.0,0.0,0.0,0.0,0.0,0.0,2021-04-07_16:10:36
0.0,0.0,0.0,0.0,0.0,0.0,2021-04-07_16:10:36
0.0,0.0,0.0,0.0,0.0,0.0,2021-04-07_16:10:37
0.0,0.0,0.0,0.0,0.0,0.0,2021-04-07_16:10:37
0.0,0.0,0.0,0.0,0.0,0.0,2021-04-07_16:10:37
0.0,0.0,0.0,0.0,0.0,0.0,2021-04-07_16:10:37
0.0,0.0,0.0,0.0,0.0,0.0,2021-04-07_16:10:37
0.0,0.0,0.0,0.0,0.0,0.0,2021-04-07_16:10:37
0.0,0.0,0.0,0.0,0.0,0.0,2021-04-07_16:10:37
0.0,0.0,0.0,0.0,0.0,0.0,2021-04-07_16:10:37
0.0,0.0,0.0,0.0,0.0,0.0,2021-04-07_16:10:37
0.0,0.0,0.0,0.0,0.0,0.0,2021-04-07_16:10:37
0.0,0.0,0.0,0.0,0.0,0.0,2021-04-07_16:10:37
0.0,0.0,0.0,0.0,0.0,0.0,2021-04-07_16:10:37
0.0,0.0,0.0,0.0,0.0,0.0,2021-04-07_16:10:37
0.0,0.0,0.0,0.0,0.0,0.0,2021-04-07_16:10:38
0.0,0.0,0.0,0.0,0.0,0.0,2021-04-07_16:10:38
0.0,0.0,0.0,0.0,0.0,0.0,2021-04-07_16:10:38
0.0,0.0,0.0,0.0,0.0,0.0,2021-04-07_16:10:38
0.0,0.0,0.0,0.0,0.0,0.0,2021-04-07_16:10:38
0.0,0.0,0.0,0.0,0.0,0.0,2021-04-07_16:10:38
0.0,0.0,0.0,0.0,0.0,0.0,2021-04-07_16:10:38
0.0,0.0,0.0,0.0,0.0,0.0,2021-04-07_16:10:38
0.0,0.0,0.0,0.0,0.0,0.0,2021-04-07_16:10:38
0.0,0.0,0.0,0.0,0.0,0.0,2021-04-07_16:10:38
0.0,0.0,0.0,0.0,0.0,0.0,2021-04-07_16:10:38
0.0,0.0,0.0,0.0,0.0,0.0,2021-04-07_16:10:38
0.0,0.0,0.0,0.0,0.0,0.0,2021-04-07_16:10:38
0.0,0.0,0.0,0.0,0.0,0.0,2021-04-07_16:10:38
0.0,0.0,0.0,0.0,0.0,0.0,2021-04-07_16:10:39
0.0,0.0,0.0,0.0,0.0,0.0,2021-04-07_16:10:39
0.0,0.0,0.0,0.0,0.0,0.0,2021-04-07_16:10:39
0.0,0.0,0.0,0.0,0.0,0.0,2021-04-07_16:10:39
0.0,0.0,0.0,0.0,0.0,0.0,2021-04-07_16:10:39
0.0,0.0,0.0,0.0,0.0,0.0,2021-04-07_16:10:39
0.0,0.0,0.0,0.0,0.0,0.0,2021-04-07_16:10:39
0.0,0.0,0.0,0.0,0.0,0.0,2021-04-07_16:10:39
0.0,0.0,0.0,0.0,0.0,0.0,2021-04-07_16:10:39
0.0,0.0,0.0,0.0,0.0,0.0,2021-04-07_16:10:39
0.0,0.0,0.0,0.0,0.0,0.0,2021-04-07_16:10:39
0.0,0.0,0.0,0.0,0.0,0.0,2021-04-07_16:10:39
0.0,0.0,0.0,0.0,0.0,0.0,2021-04-07_16:10:39
0.0,0.0,0.0,0.0,0.0,0.0,2021-04-07_16:10:40
0.0,0.0,0.0,0.0,0.0,0.0,2021-04-07_16:10:40
0.0,0.0,0.0,0.0,0.0,0.0,2021-04-07_16:10:40
0.0,0.0,0.0,0.0,0.0,0.0,2021-04-07_16:10:40
0.0,0.0,0.0,0.0,0.0,0.0,2021-04-07_16:10:40
0.0,0.0,0.0,0.0,0.0,0.0,2021-04-07_16:10:40
0.0,0.0,0.0,0.0,0.0,0.0,2021-04-07_16:10:40
0.0,0.0,0.0,0.0,0.0,0.0,2021-04-07_16:10:40
0.0,0.0,0.0,0.0,0.0,0.0,2021-04-07_16:10:40
0.0,0.0,0.0,0.0,0.0,0.0,2021-04-07_16:10:40
0.0,0.0,0.0,0.0,0.0,0.0,2021-04-07_16:10:40
0.0,0.0,0.0,0.0,0.0,0.0,2021-04-07_16:10:40
0.0,0.0,0.0,0.0,0.0,0.0,2021-04-07_16:10:40
0.0,0.0,0.0,0.0,0.0,0.0,2021-04-07_16:10:40
0.0,0.0,0.0,0.0,0.0,0.0,2021-04-07_16:10:41
0.0,0.0,0.0,0.0,0.0,0.0,2021-04-07_16:10:41
0.0,0.0,0.0,0.0,0.0,0.0,2021-04-07_16:10:41
0.0,0.0,0.0,0.0,0.0,0.0,2021-04-07_16:10:41
0.0,0.0,0.0,0.0,0.0,0.0,2021-04-07_16:10:41
0.0,0.0,0.0,0.0,0.0,0.0,2021-04-07_16:10:41
0.0,0.0,0.0,0.0,0.0,0.0,2021-04-07_16:10:41
0.0,0.0,0.0,0.0,0.0,0.0,2021-04-07_16:10:41
0.0,0.0,0.0,0.0,0.0,0.0,2021-04-07_16:10:41
0.0,0.0,0.0,0.0,0.0,0.0,2021-04-07_16:10:41
0.0,0.0,0.0,0.0,0.0,0.0,2021-04-07_16:10:41
0.0,0.0,0.0,0.0,0.0,0.0,2021-04-07_16:10:41
0.0,0.0,0.0,0.0,0.0,0.0,2021-04-07_16:10:41
0.0,0.0,0.0,0.0,0.0,0.0,2021-04-07_16:10:42
0.0,0.0,0.0,0.0,0.0,0.0,2021-04-07_16:10:42
0.0,0.0,0.0,0.0,0.0,0.0,2021-04-07_16:10:42
0.0,0.0,0.0,0.0,0.0,0.0,2021-04-07_16:10:42
0.0,0.0,0.0,0.0,0.0,0.0,2021-04-07_16:10:42
0.0,0.0,0.0,0.0,0.0,0.0,2021-04-07_16:10:42
0.0,0.0,0.0,0.0,0.0,0.0,2021-04-07_16:10:42
0.0,0.0,0.0,0.0,0.0,0.0,2021-04-07_16:10:42
0.0,0.0,0.0,0.0,0.0,0.0,2021-04-07_16:10:42
0.0,0.0,0.0,0.0,0.0,0.0,2021-04-07_16:10:42
0.0,0.0,0.0,0.0,0.0,0.0,2021-04-07_16:10:42
0.0,0.0,0.0,0.0,0.0,0.0,2021-04-07_16:10:42
0.0,0.0,0.0,0.0,0.0,0.0,2021-04-07_16:10:42
0.0,0.0,0.0,0.0,0.0,0.0,2021-04-07_16:10:43
0.0,0.0,0.0,0.0,0.0,0.0,2021-04-07_16:10:43
0.0,0.0,0.0,0.0,0.0,0.0,2021-04-07_16:10:43
0.0,0.0,0.0,0.0,0.0,0.0,2021-04-07_16:10:43
0.0,0.0,0.0,0.0,0.0,0.0,2021-04-07_16:10:43
0.0,0.0,0.0,0.0,0.0,0.0,2021-04-07_16:10:43
0.0,0.0,0.0,0.0,0.0,0.0,2021-04-07_16:10:43
0.0,0.0,0.0,0.0,0.0,0.0,2021-04-07_16:10:43
0.0,0.0,0.0,0.0,0.0,0.0,2021-04-07_16:10:43
0.0,0.0,0.0,0.0,0.0,0.0,2021-04-07_16:10:43
0.0,0.0,0.0,0.0,0.0,0.0,2021-04-07_16:10:43
0.0,0.0,0.0,0.0,0.0,0.0,2021-04-07_16:10:43
0.0,0.0,0.0,0.0,0.0,0.0,2021-04-07_16:10:43
0.0,0.0,0.0,0.0,0.0,0.0,2021-04-07_16:10:43
0.0,0.0,0.0,0.0,0.0,0.0,2021-04-07_16:10:44
0.0,0.0,0.0,0.0,0.0,0.0,2021-04-07_16:10:44
0.0,0.0,0.0,0.0,0.0,0.0,2021-04-07_16:10:44
0.0,0.0,0.0,0.0,0.0,0.0,2021-04-07_16:10:44
0.0,0.0,0.0,0.0,0.0,0.0,2021-04-07_16:10:44
0.0,0.0,0.0,0.0,0.0,0.0,2021-04-07_16:10:44
0.0,0.0,0.0,0.0,0.0,0.0,2021-04-07_16:10:44
0.0,0.0,0.0,0.0,0.0,0.0,2021-04-07_16:10:44
0.0,0.0,0.0,0.0,0.0,0.0,2021-04-07_16:10:44
0.0,0.0,0.0,0.0,0.0,0.0,2021-04-07_16:10:44
0.0,0.0,0.0,0.0,0.0,0.0,2021-04-07_16:10:44
0.0,0.0,0.0,0.0,0.0,0.0,2021-04-07_16:10:44
0.0,0.0,0.0,0.0,0.0,0.0,2021-04-07_16:10:44
0.0,0.0,0.0,0.0,0.0,0.0,2021-04-07_16:10:45
0.0,0.0,0.0,0.0,0.0,0.0,2021-04-07_16:10:45
0.0,0.0,0.0,0.0,0.0,0.0,2021-04-07_16:10:45
0.0,0.0,0.0,0.0,0.0,0.0,2021-04-07_16:10:45
0.0,0.0,0.0,0.0,0.0,0.0,2021-04-07_16:10:45
0.0,0.0,0.0,0.0,0.0,0.0,2021-04-07_16:10:45
0.0,0.0,0.0,0.0,0.0,0.0,2021-04-07_16:10:45
0.0,0.0,0.0,0.0,0.0,0.0,2021-04-07_16:10:45
0.0,0.0,0.0,0.0,0.0,0.0,2021-04-07_16:10:45
0.0,0.0,0.0,0.0,0.0,0.0,2021-04-07_16:10:45
0.0,0.0,0.0,0.0,0.0,0.0,2021-04-07_16:10:45
0.0,0.0,0.0,0.0,0.0,0.0,2021-04-07_16:10:45
0.0,0.0,0.0,0.0,0.0,0.0,2021-04-07_16:10:45
0.0,0.0,0.0,0.0,0.0,0.0,2021-04-07_16:10:46
0.0,0.0,0.0,0.0,0.0,0.0,2021-04-07_16:10:46
0.0,0.0,0.0,0.0,0.0,0.0,2021-04-07_16:10:46
0.0,0.0,0.0,0.0,0.0,0.0,2021-04-07_16:10:46
0.0,0.0,0.0,0.0,0.0,0.0,2021-04-07_16:10:46
0.0,0.0,0.0,0.0,0.0,0.0,2021-04-07_16:10:46
0.0,0.0,0.0,0.0,0.0,0.0,2021-04-07_16:10:46
0.0,0.0,0.0,0.0,0.0,0.0,2021-04-07_16:10:46
0.0,0.0,0.0,0.0,0.0,0.0,2021-04-07_16:10:46
0.0,0.0,0.0,0.0,0.0,0.0,2021-04-07_16:10:46
0.0,0.0,0.0,0.0,0.0,0.0,2021-04-07_16:10:46
0.0,0.0,0.0,0.0,0.0,0.0,2021-04-07_16:10:46
0.0,0.0,0.0,0.0,0.0,0.0,2021-04-07_16:10:46
0.0,0.0,0.0,0.0,0.0,0.0,2021-04-07_16:10:46
0.0,0.0,0.0,0.0,0.0,0.0,2021-04-07_16:10:47
0.0,0.0,0.0,0.0,0.0,0.0,2021-04-07_16:10:47
0.0,0.0,0.0,0.0,0.0,0.0,2021-04-07_16:10:47
0.0,0.0,0.0,0.0,-0.01,0.01,2021-04-07_16:10:47
0.0,0.0,0.0,0.0,0.0,0.0,2021-04-07_16:10:47
0.0,0.0,0.0,0.0,0.0,0.0,2021-04-07_16:10:47
0.0,0.0,0.0,0.0,0.0,0.0,2021-04-07_16:10:47
0.0,0.0,0.0,0.0,0.0,0.0,2021-04-07_16:10:47
0.0,0.0,0.0,0.0,-0.01,0.01,2021-04-07_16:10:47
0.0,0.0,0.0,0.0,0.0,0.0,2021-04-07_16:10:47
0.0,0.0,0.0,0.0,0.0,0.0,2021-04-07_16:10:47
0.0,0.0,0.0,0.0,0.0,0.0,2021-04-07_16:10:47
0.0,0.0,0.0,0.0,-0.03,0.03,2021-04-07_16:10:47
0.0,0.0,0.0,0.0,-0.01,0.01,2021-04-07_16:10:48
0.0,0.0,0.0,0.0,-0.02,0.02,2021-04-07_16:10:48
0.0,0.0,0.0,0.0,-0.01,0.01,2021-04-07_16:10:48
0.0,0.0,0.0,0.0,-0.02,0.02,2021-04-07_16:10:48
0.0,0.0,0.0,0.0,-0.05,0.05,2021-04-07_16:10:48
0.0,0.0,0.0,0.0,-0.04,0.04,2021-04-07_16:10:48
0.0,0.0,0.0,0.0,-0.03,0.03,2021-04-07_16:10:48
0.0,0.0,0.0,0.0,-0.06,0.06,2021-04-07_16:10:48
0.0,0.0,0.0,0.0,-0.04,0.04,2021-04-07_16:10:48
0.0,0.0,0.0,0.0,-0.04,0.04,2021-04-07_16:10:48
0.0,0.0,0.0,0.0,-0.05,0.05,2021-04-07_16:10:48
0.0,0.0,0.0,0.0,-0.05,0.05,2021-04-07_16:10:48
0.0,0.0,0.0,0.0,-0.04,0.04,2021-04-07_16:10:48
0.0,0.0,0.0,0.0,-0.19,0.19,2021-04-07_16:10:48
0.0,0.0,0.0,0.0,-0.1,0.1,2021-04-07_16:10:49
0.0,0.0,0.0,0.0,-0.06,0.06,2021-04-07_16:10:49
0.0,0.0,0.0,0.0,-0.07,0.07,2021-04-07_16:10:49
0.0,0.0,0.0,0.0,-0.08,0.08,2021-04-07_16:10:49
0.0,0.0,0.0,0.0,-0.18,0.18,2021-04-07_16:10:49
0.0,0.0,0.0,0.0,-0.22,0.22,2021-04-07_16:10:49
0.0,0.0,0.0,0.0,-0.18,0.18,2021-04-07_16:10:49
0.0,0.0,0.0,0.0,-0.1,0.1,2021-04-07_16:10:49
0.0,0.0,0.0,0.0,-0.11,0.11,2021-04-07_16:10:49
0.0,0.0,0.0,0.0,-0.41,0.41,2021-04-07_16:10:49
0.0,0.0,0.0,0.0,-0.22,0.22,2021-04-07_16:10:49
0.0,0.0,0.0,0.0,-0.16,0.16,2021-04-07_16:10:49
0.0,0.0,0.0,0.0,-0.12,0.12,2021-04-07_16:10:49
0.0,0.0,0.0,0.0,-0.09,0.09,2021-04-07_16:10:50
0.0,0.0,0.0,0.0,-0.06,0.06,2021-04-07_16:10:50
0.0,0.0,0.0,0.0,-0.05,0.05,2021-04-07_16:10:50
0.0,0.0,0.0,0.0,-0.05,0.05,2021-04-07_16:10:50
0.0,0.0,0.0,0.0,-0.04,0.04,2021-04-07_16:10:50
0.0,0.0,0.0,0.0,-0.03,0.03,2021-04-07_16:10:50
0.0,0.0,0.0,0.0,-0.01,0.01,2021-04-07_16:10:50
0.0,0.0,0.0,0.0,-0.02,0.02,2021-04-07_16:10:50
0.0,0.0,0.0,0.0,-0.02,0.02,2021-04-07_16:10:50
0.0,0.0,0.0,0.0,-0.01,0.01,2021-04-07_16:10:50
0.0,0.0,0.0,0.0,0.0,0.0,2021-04-07_16:10:50
0.0,0.0,0.0,0.0,-0.01,0.01,2021-04-07_16:10:50
0.0,0.0,0.0,0.0,-0.02,0.02,2021-04-07_16:10:50
0.0,0.0,0.0,0.0,0.0,0.0,2021-04-07_16:10:51
0.0,0.0,0.0,0.0,0.0,0.0,2021-04-07_16:10:51
0.0,0.0,0.0,0.0,-0.01,0.01,2021-04-07_16:10:51
0.0,0.0,0.0,0.0,0.0,0.0,2021-04-07_16:10:51
0.0,0.0,0.0,0.0,0.0,0.0,2021-04-07_16:10:51
0.0,0.0,0.0,0.0,-0.01,0.01,2021-04-07_16:10:51
0.0,0.0,0.0,0.0,0.0,0.0,2021-04-07_16:10:51
0.0,0.0,0.0,0.0,0.0,0.0,2021-04-07_16:10:51
0.0,0.0,0.0,0.0,0.0,0.0,2021-04-07_16:10:51
0.0,0.0,0.0,0.0,-0.01,0.01,2021-04-07_16:10:51
0.0,0.0,0.0,0.0,-0.01,0.01,2021-04-07_16:10:51
0.0,0.0,0.0,0.0,0.01,-0.01,2021-04-07_16:10:51
0.0,0.0,0.0,0.0,-0.01,0.01,2021-04-07_16:10:51
0.0,0.0,0.0,0.0,0.0,0.0,2021-04-07_16:10:51
0.0,0.0,0.0,0.0,0.0,0.0,2021-04-07_16:10:52
0.0,0.0,0.0,0.0,0.0,0.0,2021-04-07_16:10:52
0.0,0.0,0.0,0.0,-0.01,0.01,2021-04-07_16:10:52
0.0,0.0,0.0,0.0,0.0,0.0,2021-04-07_16:10:52
0.0,0.0,0.0,0.0,0.0,0.0,2021-04-07_16:10:52
0.0,0.0,0.0,0.0,0.0,0.0,2021-04-07_16:10:52
0.0,0.0,0.0,0.0,-0.01,0.01,2021-04-07_16:10:52
0.0,0.0,0.0,0.0,0.01,-0.01,2021-04-07_16:10:52
0.0,0.0,0.0,0.0,-0.01,0.01,2021-04-07_16:10:52
0.0,0.0,0.0,0.0,0.0,0.0,2021-04-07_16:10:52
0.0,0.0,0.0,0.0,-0.01,0.01,2021-04-07_16:10:52
0.0,0.0,0.0,0.0,0.01,-0.01,2021-04-07_16:10:52
0.0,0.0,0.0,0.0,-0.01,0.01,2021-04-07_16:10:52
0.0,0.0,0.0,0.0,0.0,0.0,2021-04-07_16:10:53
0.0,0.0,0.0,0.0,0.0,0.0,2021-04-07_16:10:53
0.0,0.0,0.0,0.0,0.01,-0.01,2021-04-07_16:10:53
0.0,0.0,0.0,0.0,-0.01,0.01,2021-04-07_16:10:53
0.0,0.0,0.0,0.0,-0.01,0.01,2021-04-07_16:10:53
0.0,0.0,0.0,0.0,0.01,-0.01,2021-04-07_16:10:53
0.0,0.0,0.0,0.0,0.0,0.0,2021-04-07_16:10:53
0.0,0.0,0.0,0.0,-0.01,0.01,2021-04-07_16:10:53
0.0,0.0,0.0,0.0,0.0,0.0,2021-04-07_16:10:53
0.0,0.0,0.0,0.0,0.01,-0.01,2021-04-07_16:10:53
0.0,0.0,0.0,0.0,-0.01,0.01,2021-04-07_16:10:53
0.0,0.0,0.0,0.0,-0.01,0.01,2021-04-07_16:10:53
0.0,0.0,0.0,0.0,0.0,0.0,2021-04-07_16:10:53
0.0,0.0,0.0,0.0,0.0,0.0,2021-04-07_16:10:53
0.0,0.0,0.0,0.0,0.0,0.0,2021-04-07_16:10:54
0.0,0.0,0.0,0.0,0.0,0.0,2021-04-07_16:10:54
0.0,0.0,0.0,0.0,-0.01,0.01,2021-04-07_16:10:54
0.0,0.0,0.0,0.0,0.0,0.0,2021-04-07_16:10:54
0.0,0.0,0.0,0.0,0.0,0.0,2021-04-07_16:10:54
0.0,0.0,0.0,0.0,0.01,-0.01,2021-04-07_16:10:54
0.0,0.0,0.0,0.0,-0.01,0.01,2021-04-07_16:10:54
0.0,0.0,0.0,0.0,-0.01,0.01,2021-04-07_16:10:54
0.0,0.0,0.0,0.0,0.01,-0.01,2021-04-07_16:10:54
0.0,0.0,0.0,0.0,0.02,-0.02,2021-04-07_16:10:54
0.0,0.0,0.0,0.0,0.0,0.0,2021-04-07_16:10:54
0.0,0.0,0.0,0.0,0.04,-0.04,2021-04-07_16:10:54
0.0,0.0,0.0,0.0,0.24,-0.24,2021-04-07_16:10:54
0.0,0.0,0.0,0.0,0.3,-0.3,2021-04-07_16:10:55
0.0,0.0,0.0,0.0,0.54,-0.54,2021-04-07_16:10:55
0.0,0.0,0.0,0.0,0.17,-0.17,2021-04-07_16:10:55
0.0,0.0,0.0,0.0,0.29,-0.29,2021-04-07_16:10:55
0.0,0.0,0.0,0.0,0.38,-0.38,2021-04-07_16:10:55
0.0,0.0,0.0,0.0,0.2,-0.2,2021-04-07_16:10:55
0.0,0.0,0.0,0.0,0.11,-0.11,2021-04-07_16:10:55
0.0,0.0,0.0,0.0,0.12,-0.12,2021-04-07_16:10:55
0.0,0.0,0.0,0.0,0.34,-0.34,2021-04-07_16:10:55
0.0,0.0,0.0,0.0,0.05,-0.05,2021-04-07_16:10:55
0.0,0.0,0.0,0.0,-0.01,0.01,2021-04-07_16:10:55
0.0,0.0,0.0,0.0,0.02,-0.02,2021-04-07_16:10:55
0.0,0.0,0.0,0.0,0.06,-0.06,2021-04-07_16:10:55
0.0,0.0,0.0,0.0,0.15,-0.15,2021-04-07_16:10:56
0.0,0.0,0.0,0.0,0.02,-0.02,2021-04-07_16:10:56
0.0,0.0,0.0,0.0,0.02,-0.02,2021-04-07_16:10:56
0.0,0.0,0.0,0.0,0.01,-0.01,2021-04-07_16:10:56
0.0,0.0,0.0,0.0,0.07,-0.07,2021-04-07_16:10:56
0.0,0.0,0.0,0.0,0.03,-0.03,2021-04-07_16:10:56
0.0,0.0,0.0,0.0,0.0,0.0,2021-04-07_16:10:56
0.0,0.0,0.0,0.0,0.0,0.0,2021-04-07_16:10:56
0.0,0.0,0.0,0.0,0.01,-0.01,2021-04-07_16:10:56
0.0,0.0,0.0,0.0,0.03,-0.03,2021-04-07_16:10:56
0.0,0.0,0.0,0.0,0.0,0.0,2021-04-07_16:10:56
0.0,0.0,0.0,0.0,0.0,0.0,2021-04-07_16:10:56
0.0,0.0,0.0,0.0,0.0,0.0,2021-04-07_16:10:56
0.0,0.0,0.0,0.0,0.0,0.0,2021-04-07_16:10:56
0.0,0.0,0.0,0.0,0.01,-0.01,2021-04-07_16:10:57
0.0,0.0,0.0,0.0,0.0,0.0,2021-04-07_16:10:57
0.0,0.0,0.0,0.0,0.0,0.0,2021-04-07_16:10:57
0.0,0.0,0.0,0.0,0.0,0.0,2021-04-07_16:10:57
0.0,0.0,0.0,0.0,0.0,0.0,2021-04-07_16:10:57
0.0,0.0,0.0,0.0,0.0,0.0,2021-04-07_16:10:57
0.0,0.0,0.0,0.0,0.0,0.0,2021-04-07_16:10:57
0.0,0.0,0.0,0.0,0.0,0.0,2021-04-07_16:10:57
0.0,0.0,0.0,0.0,0.0,0.0,2021-04-07_16:10:57
0.0,0.0,0.0,0.0,0.0,0.0,2021-04-07_16:10:57
0.0,0.0,0.0,0.0,0.0,0.0,2021-04-07_16:10:57
0.0,0.0,0.0,0.0,0.0,0.0,2021-04-07_16:10:57
0.0,0.0,0.0,0.0,0.0,0.0,2021-04-07_16:10:57
0.0,0.0,0.0,0.0,0.0,0.0,2021-04-07_16:10:58
0.0,0.0,0.0,0.0,0.0,0.0,2021-04-07_16:10:58
0.0,0.0,0.0,0.0,0.0,0.0,2021-04-07_16:10:58
0.0,0.0,0.0,0.0,0.0,0.0,2021-04-07_16:10:58
0.0,0.0,0.0,0.0,0.0,0.0,2021-04-07_16:10:58
0.0,0.0,0.0,0.0,0.0,0.0,2021-04-07_16:10:58
0.0,0.0,0.0,0.0,0.0,0.0,2021-04-07_16:10:58
0.0,0.0,0.0,0.0,0.0,0.0,2021-04-07_16:10:58
0.0,0.0,0.0,0.0,0.0,0.0,2021-04-07_16:10:58
0.0,0.0,0.0,0.0,0.0,0.0,2021-04-07_16:10:58
0.0,0.0,0.0,0.0,0.0,0.0,2021-04-07_16:10:58
0.0,0.0,0.0,0.0,0.0,0.0,2021-04-07_16:10:58
0.0,0.0,0.0,0.0,0.0,0.0,2021-04-07_16:10:58
0.0,0.0,0.0,0.0,0.0,0.0,2021-04-07_16:10:59
0.0,0.0,0.0,0.0,0.0,0.0,2021-04-07_16:10:59
0.0,0.0,0.0,0.0,0.0,0.0,2021-04-07_16:10:59
0.0,0.0,0.0,0.0,0.0,0.0,2021-04-07_16:10:59
0.0,0.0,0.0,0.0,0.0,0.0,2021-04-07_16:10:59
0.0,0.0,0.0,0.0,0.0,0.0,2021-04-07_16:10:59
0.0,0.0,0.0,0.0,0.0,0.0,2021-04-07_16:10:59
0.0,0.0,0.0,0.0,0.0,0.0,2021-04-07_16:10:59
0.0,0.0,0.0,0.0,0.0,0.0,2021-04-07_16:10:59
0.0,0.0,0.0,0.0,0.0,0.0,2021-04-07_16:10:59
0.0,0.0,0.0,0.0,0.0,0.0,2021-04-07_16:10:59
0.0,0.0,0.0,0.0,0.0,0.0,2021-04-07_16:10:59
0.0,0.0,0.0,0.0,0.0,0.0,2021-04-07_16:10:59
0.0,0.0,0.0,0.0,0.0,0.0,2021-04-07_16:10:59
0.0,0.0,0.0,0.0,0.0,0.0,2021-04-07_16:11:00
0.0,0.0,0.0,0.0,0.0,0.0,2021-04-07_16:11:00
0.0,0.0,0.0,0.0,0.0,0.0,2021-04-07_16:11:00
0.0,0.0,0.0,0.0,0.0,0.0,2021-04-07_16:11:00
0.0,0.0,0.0,0.0,0.0,0.0,2021-04-07_16:11:00
0.0,0.0,0.0,0.0,0.0,0.0,2021-04-07_16:11:00
0.0,0.0,0.0,0.0,0.0,0.0,2021-04-07_16:11:00
0.0,0.0,0.0,0.0,0.0,0.0,2021-04-07_16:11:00
0.0,0.0,0.0,0.0,0.0,0.0,2021-04-07_16:11:00
0.0,0.0,0.0,0.0,0.0,0.0,2021-04-07_16:11:00
0.0,0.0,0.0,0.0,0.0,0.0,2021-04-07_16:11:00
0.0,0.0,0.0,0.0,0.0,0.0,2021-04-07_16:11:00
0.0,0.0,0.0,0.0,0.0,0.0,2021-04-07_16:11:00
0.0,0.0,0.0,0.0,0.0,0.0,2021-04-07_16:11:01
0.0,0.0,0.0,0.0,0.0,0.0,2021-04-07_16:11:01
0.0,0.0,0.0,0.0,0.0,0.0,2021-04-07_16:11:01
0.0,0.0,0.0,0.0,0.0,0.0,2021-04-07_16:11:01
0.0,0.0,0.0,0.0,0.0,0.0,2021-04-07_16:11:01
0.0,0.0,0.0,0.0,0.0,0.0,2021-04-07_16:11:01
0.0,0.0,0.0,0.0,0.0,0.0,2021-04-07_16:11:01
0.0,0.0,0.0,0.0,0.0,0.0,2021-04-07_16:11:01
0.0,0.0,0.0,0.0,0.0,0.0,2021-04-07_16:11:01
0.0,0.0,0.0,0.0,0.0,0.0,2021-04-07_16:11:01
0.0,0.0,0.0,0.0,0.0,0.0,2021-04-07_16:11:01
0.0,0.0,0.0,0.0,0.0,0.0,2021-04-07_16:11:01
0.0,0.0,0.0,0.0,0.0,0.0,2021-04-07_16:11:01
0.0,0.0,0.0,0.0,0.0,0.0,2021-04-07_16:11:01
0.0,0.0,0.0,0.0,0.0,0.0,2021-04-07_16:11:02
0.0,0.0,0.0,0.0,0.0,0.0,2021-04-07_16:11:02
0.0,0.0,0.0,0.0,0.0,0.0,2021-04-07_16:11:02
0.0,0.0,0.0,0.0,0.0,0.0,2021-04-07_16:11:02
0.0,0.0,0.0,0.0,0.0,0.0,2021-04-07_16:11:02
0.0,0.0,0.0,0.0,0.0,0.0,2021-04-07_16:11:02
0.0,0.0,0.0,0.0,0.0,0.0,2021-04-07_16:11:02
0.0,0.0,0.0,0.0,0.0,0.0,2021-04-07_16:11:02
0.0,0.0,0.0,0.0,0.0,0.0,2021-04-07_16:11:02
0.0,0.0,0.0,0.0,0.0,0.0,2021-04-07_16:11:02
0.0,0.0,0.0,0.0,0.0,0.0,2021-04-07_16:11:02
0.0,0.0,0.0,0.0,0.0,0.0,2021-04-07_16:11:02
0.0,0.0,0.0,0.0,0.0,0.0,2021-04-07_16:11:02
0.0,0.0,0.0,0.0,0.0,0.0,2021-04-07_16:11:03
0.0,0.0,0.0,0.0,0.0,0.0,2021-04-07_16:11:03
0.0,0.0,0.0,0.0,0.0,0.0,2021-04-07_16:11:03
0.0,0.0,0.0,0.0,0.0,0.0,2021-04-07_16:11:03
0.0,0.0,0.0,0.0,0.0,0.0,2021-04-07_16:11:03
0.0,0.0,0.0,0.0,0.0,0.0,2021-04-07_16:11:03
0.0,0.0,0.0,0.0,0.0,0.0,2021-04-07_16:11:03
0.0,0.0,0.0,0.0,0.0,0.0,2021-04-07_16:11:03
0.0,0.0,0.0,0.0,0.0,0.0,2021-04-07_16:11:03
0.0,0.0,0.0,0.0,0.0,0.0,2021-04-07_16:11:03
0.0,0.0,0.0,0.0,0.0,0.0,2021-04-07_16:11:03
0.0,0.0,0.0,0.0,0.0,0.0,2021-04-07_16:11:03
0.0,0.0,0.0,0.0,0.0,0.0,2021-04-07_16:11:03
0.0,0.0,0.0,0.0,0.0,0.0,2021-04-07_16:11:04
0.0,0.0,0.0,0.0,0.0,0.0,2021-04-07_16:11:04
0.0,0.0,0.0,0.0,0.0,0.0,2021-04-07_16:11:04
0.0,0.0,0.0,0.0,0.0,0.0,2021-04-07_16:11:04
0.0,0.0,0.0,0.0,0.0,0.0,2021-04-07_16:11:04
0.0,0.0,0.0,0.0,0.0,0.0,2021-04-07_16:11:04
0.0,0.0,0.0,0.0,0.0,0.0,2021-04-07_16:11:04
0.0,0.0,0.0,0.0,0.0,0.0,2021-04-07_16:11:04
0.0,0.0,0.0,0.0,0.0,0.0,2021-04-07_16:11:04
0.0,0.0,0.0,0.0,0.0,0.0,2021-04-07_16:11:04
0.0,0.0,0.0,0.0,0.0,0.0,2021-04-07_16:11:04
0.0,0.0,0.0,0.0,0.0,0.0,2021-04-07_16:11:04
0.0,0.0,0.0,0.0,0.0,0.0,2021-04-07_16:11:04
0.0,0.0,0.0,0.0,0.0,0.0,2021-04-07_16:11:04
0.0,0.0,0.0,0.0,0.0,0.0,2021-04-07_16:11:05
0.0,0.0,0.0,0.0,0.0,0.0,2021-04-07_16:11:05
0.0,0.0,0.0,0.0,0.0,0.0,2021-04-07_16:11:05
0.0,0.0,0.0,0.0,0.0,0.0,2021-04-07_16:11:05
0.0,0.0,0.0,0.0,0.0,0.0,2021-04-07_16:11:05
0.0,0.0,0.0,0.0,0.0,0.0,2021-04-07_16:11:05
0.0,0.0,0.0,0.0,0.0,0.0,2021-04-07_16:11:05
0.0,0.0,0.0,0.0,0.0,0.0,2021-04-07_16:11:05
0.0,0.0,0.0,0.0,0.0,0.0,2021-04-07_16:11:05
0.0,0.0,0.0,0.0,0.0,0.0,2021-04-07_16:11:05
0.0,0.0,0.0,0.0,0.0,0.0,2021-04-07_16:11:05
0.0,0.0,0.0,0.0,0.0,0.0,2021-04-07_16:11:05
0.0,0.0,0.0,0.0,0.0,0.0,2021-04-07_16:11:05
0.0,0.0,0.0,0.0,0.0,0.0,2021-04-07_16:11:06
0.0,0.0,0.0,0.0,0.0,0.0,2021-04-07_16:11:06
0.0,0.0,0.0,0.0,0.0,0.0,2021-04-07_16:11:06
0.0,0.0,0.0,0.0,0.0,0.0,2021-04-07_16:11:06
0.0,0.0,0.0,0.0,0.0,0.0,2021-04-07_16:11:06
0.0,0.0,0.0,0.0,0.0,0.0,2021-04-07_16:11:06
0.0,0.0,0.0,0.0,0.0,0.0,2021-04-07_16:11:06
0.0,0.0,0.0,0.0,0.0,0.0,2021-04-07_16:11:06
0.0,0.0,0.0,0.0,0.0,0.0,2021-04-07_16:11:06
0.0,0.0,0.0,0.0,0.0,0.0,2021-04-07_16:11:06
0.0,0.0,0.0,0.0,0.0,0.0,2021-04-07_16:11:06
0.0,0.0,0.0,0.0,0.0,0.0,2021-04-07_16:11:06
0.0,0.0,0.0,0.0,0.0,0.0,2021-04-07_16:11:06
0.0,0.0,0.0,0.0,0.0,0.0,2021-04-07_16:11:07
0.0,0.0,0.0,0.0,0.0,0.0,2021-04-07_16:11:07
0.0,0.0,0.0,0.0,0.0,0.0,2021-04-07_16:11:07
0.0,0.0,0.0,0.0,0.0,0.0,2021-04-07_16:11:07
0.0,0.0,0.0,0.0,0.0,0.0,2021-04-07_16:11:07
0.0,0.0,0.0,0.0,0.0,0.0,2021-04-07_16:11:07
0.0,0.0,0.0,0.0,0.0,0.0,2021-04-07_16:11:07
0.0,0.0,0.0,0.0,0.0,0.0,2021-04-07_16:11:07
0.0,0.0,0.0,0.0,0.0,0.0,2021-04-07_16:11:07
0.0,0.0,0.0,0.0,0.0,0.0,2021-04-07_16:11:07
0.0,0.0,0.0,0.0,0.0,0.0,2021-04-07_16:11:07
0.0,0.0,0.0,0.0,0.0,0.0,2021-04-07_16:11:07
0.0,0.0,0.0,0.0,0.0,0.0,2021-04-07_16:11:07
0.0,0.0,0.0,0.0,0.0,0.0,2021-04-07_16:11:07
0.0,0.0,0.0,0.0,0.0,0.0,2021-04-07_16:11:08
0.0,0.0,0.0,0.0,0.0,0.0,2021-04-07_16:11:08
0.0,0.0,0.0,0.0,0.0,0.0,2021-04-07_16:11:08
0.0,0.0,0.0,0.0,0.0,0.0,2021-04-07_16:11:08
0.0,0.0,0.0,0.0,0.0,0.0,2021-04-07_16:11:08
0.0,0.0,0.0,0.0,0.0,0.0,2021-04-07_16:11:08
0.0,0.0,0.0,0.0,0.0,0.0,2021-04-07_16:11:08
0.0,0.0,0.0,0.0,0.0,0.0,2021-04-07_16:11:08
0.0,0.0,0.0,0.0,0.0,0.0,2021-04-07_16:11:08
0.0,0.0,0.0,0.0,0.0,0.0,2021-04-07_16:11:08
0.0,0.0,0.0,0.0,0.0,0.0,2021-04-07_16:11:08
0.0,0.0,0.0,0.0,0.0,0.0,2021-04-07_16:11:08
0.0,0.0,0.0,0.0,0.0,0.0,2021-04-07_16:11:08
0.0,0.0,0.0,0.0,0.0,0.0,2021-04-07_16:11:09
0.0,0.0,0.0,0.0,0.0,0.0,2021-04-07_16:11:09
0.0,0.0,0.0,0.0,0.0,0.0,2021-04-07_16:11:09
0.0,0.0,0.0,0.0,0.0,0.0,2021-04-07_16:11:09
0.0,0.0,0.0,0.0,0.0,0.0,2021-04-07_16:11:09
0.0,0.0,0.0,0.0,0.0,0.0,2021-04-07_16:11:09
0.0,0.0,0.0,0.0,0.0,0.0,2021-04-07_16:11:09
0.0,0.0,0.0,0.0,0.0,0.0,2021-04-07_16:11:09
0.0,0.0,0.0,0.0,0.0,0.0,2021-04-07_16:11:09
0.0,0.0,0.0,0.0,0.0,0.0,2021-04-07_16:11:09
0.0,0.0,0.0,0.0,0.0,0.0,2021-04-07_16:11:09
0.0,0.0,0.0,0.0,0.0,0.0,2021-04-07_16:11:09
0.0,0.0,0.0,0.0,0.0,0.0,2021-04-07_16:11:09
0.0,0.0,0.0,0.0,0.0,0.0,2021-04-07_16:11:09
0.0,0.0,0.0,0.0,0.0,0.0,2021-04-07_16:11:10
0.0,0.0,0.0,0.0,0.0,0.0,2021-04-07_16:11:10
0.0,0.0,0.0,0.0,0.0,0.0,2021-04-07_16:11:10
0.0,0.0,0.0,0.0,0.0,0.0,2021-04-07_16:11:10
0.0,0.0,0.0,0.0,0.0,0.0,2021-04-07_16:11:10
0.0,0.0,0.0,0.0,0.0,0.0,2021-04-07_16:11:10
0.0,0.0,0.0,0.0,0.0,0.0,2021-04-07_16:11:10
0.0,0.0,0.0,0.0,0.0,0.0,2021-04-07_16:11:10
0.0,0.0,0.0,0.0,0.0,0.0,2021-04-07_16:11:10
0.0,0.0,0.0,0.0,0.0,0.0,2021-04-07_16:11:10
0.0,0.0,0.0,0.0,0.0,0.0,2021-04-07_16:11:10
0.0,0.0,0.0,0.0,0.0,0.0,2021-04-07_16:11:10
0.0,0.0,0.0,0.0,0.0,0.0,2021-04-07_16:11:10
0.0,0.0,0.0,0.0,0.0,0.0,2021-04-07_16:11:11
0.0,0.0,0.0,0.0,0.0,0.0,2021-04-07_16:11:11
0.0,0.0,0.0,0.0,0.0,0.0,2021-04-07_16:11:11
0.0,0.0,0.0,0.0,0.0,0.0,2021-04-07_16:11:11
0.0,0.0,0.0,0.0,0.0,0.0,2021-04-07_16:11:11
0.0,0.0,0.0,0.0,0.0,0.0,2021-04-07_16:11:11
0.0,0.0,0.0,0.0,0.0,0.0,2021-04-07_16:11:11
0.0,0.0,0.0,0.0,0.0,0.0,2021-04-07_16:11:11
0.0,0.0,0.0,0.0,0.0,0.0,2021-04-07_16:11:11
0.0,0.0,0.0,0.0,0.0,0.0,2021-04-07_16:11:11
0.0,0.0,0.0,0.0,0.0,0.0,2021-04-07_16:11:11
0.0,0.0,0.0,0.0,0.0,0.0,2021-04-07_16:11:11
0.0,0.0,0.0,0.0,0.0,0.0,2021-04-07_16:11:11
0.0,0.0,0.0,0.0,0.0,0.0,2021-04-07_16:11:12
0.0,0.0,0.0,0.0,0.0,0.0,2021-04-07_16:11:12
0.0,0.0,0.0,0.0,0.0,0.0,2021-04-07_16:11:12
0.0,0.0,0.0,0.0,0.0,0.0,2021-04-07_16:11:12
0.0,0.0,0.0,0.0,0.0,0.0,2021-04-07_16:11:12
0.0,0.0,0.0,0.0,0.0,0.0,2021-04-07_16:11:12
0.0,0.0,0.0,0.0,0.0,0.0,2021-04-07_16:11:12
0.0,0.0,0.0,0.0,0.0,0.0,2021-04-07_16:11:12
0.0,0.0,0.0,0.0,0.0,0.0,2021-04-07_16:11:12
0.0,0.0,0.0,0.0,0.0,0.0,2021-04-07_16:11:12
0.0,0.0,0.0,0.0,0.0,0.0,2021-04-07_16:11:12
0.0,0.0,0.0,0.0,0.0,0.0,2021-04-07_16:11:12
0.0,0.0,0.0,0.0,0.0,0.0,2021-04-07_16:11:12
0.0,0.0,0.0,0.0,0.0,0.0,2021-04-07_16:11:12
0.0,0.0,0.0,0.0,0.0,0.0,2021-04-07_16:11:13
0.0,0.0,0.0,0.0,0.0,0.0,2021-04-07_16:11:13
0.0,0.0,0.0,0.0,0.0,0.0,2021-04-07_16:11:13
0.0,0.0,0.0,0.0,0.0,0.0,2021-04-07_16:11:13
0.0,0.0,0.0,0.0,0.0,0.0,2021-04-07_16:11:13
0.0,0.0,0.0,0.0,0.0,0.0,2021-04-07_16:11:13
0.0,0.0,0.0,0.0,0.0,0.0,2021-04-07_16:11:13
0.0,0.0,0.0,0.0,0.0,0.0,2021-04-07_16:11:13
0.0,0.0,0.0,0.0,0.0,0.0,2021-04-07_16:11:13
0.0,0.0,0.0,0.0,0.0,0.0,2021-04-07_16:11:13
0.0,0.0,0.0,0.0,0.0,0.0,2021-04-07_16:11:13
0.0,0.0,0.0,0.0,0.0,0.0,2021-04-07_16:11:13
0.0,0.0,0.0,0.0,0.0,0.0,2021-04-07_16:11:13
0.0,0.0,0.0,0.0,0.0,0.0,2021-04-07_16:11:14
0.0,0.0,0.0,0.0,0.0,0.0,2021-04-07_16:11:14
0.0,0.0,0.0,0.0,0.0,0.0,2021-04-07_16:11:14
0.0,0.0,0.0,0.0,0.0,0.0,2021-04-07_16:11:14
0.0,0.0,0.0,0.0,0.0,0.0,2021-04-07_16:11:14
0.0,0.0,0.0,0.0,0.0,0.0,2021-04-07_16:11:14
0.0,0.0,0.0,0.0,0.0,0.0,2021-04-07_16:11:14
0.0,0.0,0.0,0.0,0.0,0.0,2021-04-07_16:11:14
0.0,0.0,0.0,0.0,0.0,0.0,2021-04-07_16:11:14
0.0,0.0,0.0,0.0,0.0,0.0,2021-04-07_16:11:14
0.0,0.0,0.0,0.0,0.0,0.0,2021-04-07_16:11:14
0.0,0.0,0.0,0.0,0.0,0.0,2021-04-07_16:11:14
0.0,0.0,0.0,0.0,0.0,0.0,2021-04-07_16:11:14
0.0,0.0,0.0,0.0,0.0,0.0,2021-04-07_16:11:14
0.0,0.0,0.0,0.0,0.0,0.0,2021-04-07_16:11:15
0.0,0.0,0.0,0.0,0.0,0.0,2021-04-07_16:11:15
0.0,0.0,0.0,0.0,0.0,0.0,2021-04-07_16:11:15
0.0,0.0,0.0,0.0,0.0,0.0,2021-04-07_16:11:15
0.0,0.0,0.0,0.0,0.0,0.0,2021-04-07_16:11:15
0.0,0.0,0.0,0.0,0.0,0.0,2021-04-07_16:11:15
0.0,0.0,0.0,0.0,0.0,0.0,2021-04-07_16:11:15
0.0,0.0,0.0,0.0,0.0,0.0,2021-04-07_16:11:15
0.0,0.0,0.0,0.0,0.0,0.0,2021-04-07_16:11:15
0.0,0.0,0.0,0.0,0.0,0.0,2021-04-07_16:11:15
0.0,0.0,0.0,0.0,0.0,0.0,2021-04-07_16:11:15
0.0,0.0,0.0,0.0,0.0,0.0,2021-04-07_16:11:15
0.0,0.0,0.0,0.0,0.0,0.0,2021-04-07_16:11:15
0.0,0.0,0.0,0.0,0.0,0.0,2021-04-07_16:11:16
0.0,0.0,0.0,0.0,0.0,0.0,2021-04-07_16:11:16
0.0,0.0,0.0,0.0,0.0,0.0,2021-04-07_16:11:16
0.0,0.0,0.0,0.0,0.0,0.0,2021-04-07_16:11:16
0.0,0.0,0.0,0.0,0.0,0.0,2021-04-07_16:11:16
0.0,0.0,0.0,0.0,0.0,0.0,2021-04-07_16:11:16
0.0,0.0,0.0,0.0,0.0,0.0,2021-04-07_16:11:16
0.0,0.0,0.0,0.0,0.0,0.0,2021-04-07_16:11:16
0.0,0.0,0.0,0.0,0.0,0.0,2021-04-07_16:11:16
0.0,0.0,0.0,0.0,0.0,0.0,2021-04-07_16:11:16
0.0,0.0,0.0,0.0,0.0,0.0,2021-04-07_16:11:16
0.0,0.0,0.0,0.0,0.0,0.0,2021-04-07_16:11:16
0.0,0.0,0.0,0.0,0.0,0.0,2021-04-07_16:11:16
0.0,0.0,0.0,0.0,0.0,0.0,2021-04-07_16:11:17
0.0,0.0,0.0,0.0,0.0,0.0,2021-04-07_16:11:17
0.0,0.0,0.0,0.0,0.0,0.0,2021-04-07_16:11:17
0.0,0.0,0.0,0.0,0.0,0.0,2021-04-07_16:11:17
0.0,0.0,0.0,0.0,0.0,0.0,2021-04-07_16:11:17
0.0,0.0,0.0,0.0,-0.01,0.01,2021-04-07_16:11:17
0.0,0.0,0.0,0.0,0.0,0.0,2021-04-07_16:11:17
0.0,0.0,0.0,0.0,0.0,0.0,2021-04-07_16:11:17
0.0,0.0,0.0,0.0,-0.01,0.01,2021-04-07_16:11:17
0.0,0.0,0.0,0.0,0.0,0.0,2021-04-07_16:11:17
0.0,0.0,0.0,0.0,0.0,0.0,2021-04-07_16:11:17
0.0,0.0,0.0,0.0,0.0,0.0,2021-04-07_16:11:17
0.0,0.0,0.0,0.0,0.0,0.0,2021-04-07_16:11:17
0.0,0.0,0.0,0.0,-0.01,0.01,2021-04-07_16:11:17
0.0,0.0,0.0,0.0,-0.03,0.03,2021-04-07_16:11:18
0.0,0.0,0.0,0.0,-0.01,0.01,2021-04-07_16:11:18
0.0,0.0,0.0,0.0,0.0,0.0,2021-04-07_16:11:18
0.0,0.0,0.0,0.0,0.0,0.0,2021-04-07_16:11:18
0.0,0.0,0.0,0.0,-0.08,0.08,2021-04-07_16:11:18
0.0,0.0,0.0,0.0,-0.02,0.02,2021-04-07_16:11:18
0.0,0.0,0.0,0.0,0.0,0.0,2021-04-07_16:11:18
0.0,0.0,0.0,0.0,-0.03,0.03,2021-04-07_16:11:18
0.0,0.0,0.0,0.0,-0.13,0.13,2021-04-07_16:11:18
0.0,0.0,0.0,0.0,-0.05,0.05,2021-04-07_16:11:18
0.0,0.0,0.0,0.0,-0.03,0.03,2021-04-07_16:11:18
0.0,0.0,0.0,0.0,0.0,0.0,2021-04-07_16:11:18
0.0,0.0,0.0,0.0,0.0,0.0,2021-04-07_16:11:18
0.0,0.0,0.0,0.0,-0.16,0.16,2021-04-07_16:11:19
0.0,0.0,0.0,0.0,-0.21,0.21,2021-04-07_16:11:19
0.0,0.0,0.0,0.0,-0.08,0.08,2021-04-07_16:11:19
0.0,0.0,0.0,0.0,-0.06,0.06,2021-04-07_16:11:19
0.0,0.0,0.0,0.0,-0.05,0.05,2021-04-07_16:11:19
0.0,0.0,0.0,0.0,-0.18,0.18,2021-04-07_16:11:19
0.0,0.0,0.0,0.0,-0.35,0.35,2021-04-07_16:11:19
0.0,0.0,0.0,0.0,-0.08,0.08,2021-04-07_16:11:19
0.0,0.0,0.0,0.0,-0.05,0.05,2021-04-07_16:11:19
0.0,0.0,0.0,0.0,-0.1,0.1,2021-04-07_16:11:19
0.0,0.0,0.0,0.0,-0.49,0.49,2021-04-07_16:11:19
0.0,0.0,0.0,0.0,-0.31,0.31,2021-04-07_16:11:19
0.0,0.0,0.0,0.0,-0.19,0.19,2021-04-07_16:11:19
0.0,0.0,0.0,0.0,-0.08,0.08,2021-04-07_16:11:20
0.0,0.0,0.0,0.0,-0.06,0.06,2021-04-07_16:11:20
0.0,0.0,0.0,0.0,-0.03,0.03,2021-04-07_16:11:20
0.0,0.0,0.0,0.0,-0.02,0.02,2021-04-07_16:11:20
0.0,0.0,0.0,0.0,-0.03,0.03,2021-04-07_16:11:20
0.0,0.0,0.0,0.0,-0.02,0.02,2021-04-07_16:11:20
0.0,0.0,0.0,0.0,-0.02,0.02,2021-04-07_16:11:20
0.0,0.0,0.0,0.0,-0.01,0.01,2021-04-07_16:11:20
0.0,0.0,0.0,0.0,0.0,0.0,2021-04-07_16:11:20
0.0,0.0,0.0,0.0,-0.02,0.02,2021-04-07_16:11:20
0.0,0.0,0.0,0.0,-0.01,0.01,2021-04-07_16:11:20
0.0,0.0,0.0,0.0,0.0,0.0,2021-04-07_16:11:20
0.0,0.0,0.0,0.0,0.0,0.0,2021-04-07_16:11:20
0.0,0.0,0.0,0.0,-0.01,0.01,2021-04-07_16:11:20
0.0,0.0,0.0,0.0,-0.01,0.01,2021-04-07_16:11:21
0.0,0.0,0.0,0.0,0.0,0.0,2021-04-07_16:11:21
0.0,0.0,0.0,0.0,-0.01,0.01,2021-04-07_16:11:21
0.0,0.0,0.0,0.0,-0.02,0.02,2021-04-07_16:11:21
0.0,0.0,0.0,0.0,0.01,-0.01,2021-04-07_16:11:21
0.0,0.0,0.0,0.0,-0.02,0.02,2021-04-07_16:11:21
0.0,0.0,0.0,0.0,-0.05,0.05,2021-04-07_16:11:21
0.0,0.0,0.0,0.0,-0.01,0.01,2021-04-07_16:11:21
0.0,0.0,0.0,0.0,0.03,-0.03,2021-04-07_16:11:21
0.0,0.0,0.0,0.0,0.0,0.0,2021-04-07_16:11:21
0.0,0.0,0.0,0.0,-0.03,0.03,2021-04-07_16:11:21
0.0,0.0,0.0,0.0,-0.01,0.01,2021-04-07_16:11:21
0.0,0.0,0.0,0.0,0.02,-0.02,2021-04-07_16:11:21
0.0,0.0,0.0,0.0,0.0,0.0,2021-04-07_16:11:22
0.0,0.0,0.0,0.0,-0.02,0.02,2021-04-07_16:11:22
0.0,0.0,0.0,0.0,0.0,0.0,2021-04-07_16:11:22
0.0,0.0,0.0,0.0,0.01,-0.01,2021-04-07_16:11:22
0.0,0.0,0.0,0.0,-0.01,0.01,2021-04-07_16:11:22
0.0,0.0,0.0,0.0,-0.01,0.01,2021-04-07_16:11:22
0.0,0.0,0.0,0.0,0.0,0.0,2021-04-07_16:11:22
0.0,0.0,0.0,0.0,0.01,-0.01,2021-04-07_16:11:22
0.0,0.0,0.0,0.0,-0.01,0.01,2021-04-07_16:11:22
0.0,0.0,0.0,0.0,-0.01,0.01,2021-04-07_16:11:22
0.0,0.0,0.0,0.0,0.01,-0.01,2021-04-07_16:11:22
0.0,0.0,0.0,0.0,0.0,0.0,2021-04-07_16:11:22
0.0,0.0,0.0,0.0,-0.01,0.01,2021-04-07_16:11:22
0.0,0.0,0.0,0.0,-0.01,0.01,2021-04-07_16:11:22
0.0,0.0,0.0,0.0,0.01,-0.01,2021-04-07_16:11:23
0.0,0.0,0.0,0.0,0.0,0.0,2021-04-07_16:11:23
0.0,0.0,0.0,0.0,-0.01,0.01,2021-04-07_16:11:23
0.0,0.0,0.0,0.0,0.0,0.0,2021-04-07_16:11:23
0.0,0.0,0.0,0.0,0.0,0.0,2021-04-07_16:11:23
0.0,0.0,0.0,0.0,0.0,0.0,2021-04-07_16:11:23
0.0,0.0,0.0,0.0,-0.01,0.01,2021-04-07_16:11:23
0.0,0.0,0.0,0.0,0.0,0.0,2021-04-07_16:11:23
0.0,0.0,0.0,0.0,0.0,0.0,2021-04-07_16:11:23
0.0,0.0,0.0,0.0,0.0,0.0,2021-04-07_16:11:23
0.0,0.0,0.0,0.0,-0.01,0.01,2021-04-07_16:11:23
0.0,0.0,0.0,0.0,0.0,0.0,2021-04-07_16:11:23
0.0,0.0,0.0,0.0,0.0,0.0,2021-04-07_16:11:23
0.0,0.0,0.0,0.0,0.0,0.0,2021-04-07_16:11:24
0.0,0.0,0.0,0.0,0.0,0.0,2021-04-07_16:11:24
0.0,0.0,0.0,0.0,-0.01,0.01,2021-04-07_16:11:24
0.0,0.0,0.0,0.0,0.0,0.0,2021-04-07_16:11:24
0.0,0.0,0.0,0.0,0.0,0.0,2021-04-07_16:11:24
0.0,0.0,0.0,0.0,0.0,0.0,2021-04-07_16:11:24
0.0,0.0,0.0,0.0,-0.01,0.01,2021-04-07_16:11:24
0.0,0.0,0.0,0.0,0.0,0.0,2021-04-07_16:11:24
0.0,0.0,0.0,0.0,0.01,-0.01,2021-04-07_16:11:24
0.0,0.0,0.0,0.0,0.0,0.0,2021-04-07_16:11:24
0.0,0.0,0.0,0.0,-0.01,0.01,2021-04-07_16:11:24
0.0,0.0,0.0,0.0,0.02,-0.02,2021-04-07_16:11:24
0.0,0.0,0.0,0.0,0.05,-0.05,2021-04-07_16:11:24
0.0,0.0,0.0,0.0,0.16,-0.16,2021-04-07_16:11:25
0.0,0.0,0.0,0.0,0.27,-0.27,2021-04-07_16:11:25
0.0,0.0,0.0,0.0,0.58,-0.58,2021-04-07_16:11:25
0.0,0.0,0.0,0.0,0.15,-0.15,2021-04-07_16:11:25
0.0,0.0,0.0,0.0,0.29,-0.29,2021-04-07_16:11:25
0.0,0.0,0.0,0.0,0.49,-0.49,2021-04-07_16:11:25
0.0,0.0,0.0,0.0,0.09,-0.09,2021-04-07_16:11:25
0.0,0.0,0.0,0.0,0.08,-0.08,2021-04-07_16:11:25
0.0,0.0,0.0,0.0,0.12,-0.12,2021-04-07_16:11:25
0.0,0.0,0.0,0.0,0.2,-0.2,2021-04-07_16:11:25
0.0,0.0,0.0,0.0,0.3,-0.3,2021-04-07_16:11:25
0.0,0.0,0.0,0.0,0.05,-0.05,2021-04-07_16:11:25
0.0,0.0,0.0,0.0,-0.02,0.02,2021-04-07_16:11:25
0.0,0.0,0.0,0.0,0.01,-0.01,2021-04-07_16:11:25
0.0,0.0,0.0,0.0,0.19,-0.19,2021-04-07_16:11:26
0.0,0.0,0.0,0.0,0.02,-0.02,2021-04-07_16:11:26
0.0,0.0,0.0,0.0,0.0,0.0,2021-04-07_16:11:26
0.0,0.0,0.0,0.0,0.01,-0.01,2021-04-07_16:11:26
0.0,0.0,0.0,0.0,0.08,-0.08,2021-04-07_16:11:26
0.0,0.0,0.0,0.0,0.03,-0.03,2021-04-07_16:11:26
0.0,0.0,0.0,0.0,0.01,-0.01,2021-04-07_16:11:26
0.0,0.0,0.0,0.0,0.01,-0.01,2021-04-07_16:11:26
0.0,0.0,0.0,0.0,0.0,0.0,2021-04-07_16:11:26
0.0,0.0,0.0,0.0,0.0,0.0,2021-04-07_16:11:26
0.0,0.0,0.0,0.0,0.02,-0.02,2021-04-07_16:11:26
0.0,0.0,0.0,0.0,0.0,0.0,2021-04-07_16:11:26
0.0,0.0,0.0,0.0,0.0,0.0,2021-04-07_16:11:26
0.0,0.0,0.0,0.0,0.0,0.0,2021-04-07_16:11:27
0.0,0.0,0.0,0.0,0.01,-0.01,2021-04-07_16:11:27
0.0,0.0,0.0,0.0,0.0,0.0,2021-04-07_16:11:27
0.0,0.0,0.0,0.0,0.0,0.0,2021-04-07_16:11:27
0.0,0.0,0.0,0.0,0.0,0.0,2021-04-07_16:11:27
0.0,0.0,0.0,0.0,0.0,0.0,2021-04-07_16:11:27
0.0,0.0,0.0,0.0,0.0,0.0,2021-04-07_16:11:27
0.0,0.0,0.0,0.0,0.0,0.0,2021-04-07_16:11:27
0.0,0.0,0.0,0.0,0.0,0.0,2021-04-07_16:11:27
0.0,0.0,0.0,0.0,0.0,0.0,2021-04-07_16:11:27
0.0,0.0,0.0,0.0,0.0,0.0,2021-04-07_16:11:27
0.0,0.0,0.0,0.0,0.0,0.0,2021-04-07_16:11:27
0.0,0.0,0.0,0.0,0.0,0.0,2021-04-07_16:11:27
0.0,0.0,0.0,0.0,0.0,0.0,2021-04-07_16:11:28
0.0,0.0,0.0,0.0,0.0,0.0,2021-04-07_16:11:28
0.0,0.0,0.0,0.0,0.0,0.0,2021-04-07_16:11:28
0.0,0.0,0.0,0.0,0.0,0.0,2021-04-07_16:11:28
0.0,0.0,0.0,0.0,0.0,0.0,2021-04-07_16:11:28
0.0,0.0,0.0,0.0,0.0,0.0,2021-04-07_16:11:28
0.0,0.0,0.0,0.0,0.0,0.0,2021-04-07_16:11:28
0.0,0.0,0.0,0.0,0.0,0.0,2021-04-07_16:11:28
0.0,0.0,0.0,0.0,0.0,0.0,2021-04-07_16:11:28
0.0,0.0,0.0,0.0,0.0,0.0,2021-04-07_16:11:28
0.0,0.0,0.0,0.0,0.0,0.0,2021-04-07_16:11:28
0.0,0.0,0.0,0.0,0.0,0.0,2021-04-07_16:11:28
0.0,0.0,0.0,0.0,0.0,0.0,2021-04-07_16:11:28
0.0,0.0,0.0,0.0,0.0,0.0,2021-04-07_16:11:28
0.0,0.0,0.0,0.0,0.0,0.0,2021-04-07_16:11:29
0.0,0.0,0.0,0.0,0.0,0.0,2021-04-07_16:11:29
0.0,0.0,0.0,0.0,0.0,0.0,2021-04-07_16:11:29
0.0,0.0,0.0,0.0,0.0,0.0,2021-04-07_16:11:29
0.0,0.0,0.0,0.0,0.0,0.0,2021-04-07_16:11:29
0.0,0.0,0.0,0.0,0.0,0.0,2021-04-07_16:11:29
0.0,0.0,0.0,0.0,0.0,0.0,2021-04-07_16:11:29
0.0,0.0,0.0,0.0,0.0,0.0,2021-04-07_16:11:29
0.0,0.0,0.0,0.0,0.0,0.0,2021-04-07_16:11:29
0.0,0.0,0.0,0.0,0.0,0.0,2021-04-07_16:11:29
0.0,0.0,0.0,0.0,0.0,0.0,2021-04-07_16:11:29
0.0,0.0,0.0,0.0,0.0,0.0,2021-04-07_16:11:29
0.0,0.0,0.0,0.0,0.0,0.0,2021-04-07_16:11:29
0.0,0.0,0.0,0.0,0.0,0.0,2021-04-07_16:11:30
0.0,0.0,0.0,0.0,0.0,0.0,2021-04-07_16:11:30
0.0,0.0,0.0,0.0,0.0,0.0,2021-04-07_16:11:30
0.0,0.0,0.0,0.0,0.0,0.0,2021-04-07_16:11:30
0.0,0.0,0.0,0.0,0.0,0.0,2021-04-07_16:11:30
0.0,0.0,0.0,0.0,0.0,0.0,2021-04-07_16:11:30
0.0,0.0,0.0,0.0,0.0,0.0,2021-04-07_16:11:30
0.0,0.0,0.0,0.0,0.0,0.0,2021-04-07_16:11:30
0.0,0.0,0.0,0.0,0.0,0.0,2021-04-07_16:11:30
0.0,0.0,0.0,0.0,0.0,0.0,2021-04-07_16:11:30
0.0,0.0,0.0,0.0,0.0,0.0,2021-04-07_16:11:30
0.0,0.0,0.0,0.0,0.0,0.0,2021-04-07_16:11:30
0.0,0.0,0.0,0.0,0.0,0.0,2021-04-07_16:11:30
0.0,0.0,0.0,0.0,0.0,0.0,2021-04-07_16:11:30
0.0,0.0,0.0,0.0,0.0,0.0,2021-04-07_16:11:31
0.0,0.0,0.0,0.0,0.0,0.0,2021-04-07_16:11:31
0.0,0.0,0.0,0.0,0.0,0.0,2021-04-07_16:11:31
0.0,0.0,0.0,0.0,0.0,0.0,2021-04-07_16:11:31
0.0,0.0,0.0,0.0,0.0,0.0,2021-04-07_16:11:31
0.0,0.0,0.0,0.0,0.0,0.0,2021-04-07_16:11:31
0.0,0.0,0.0,0.0,0.0,0.0,2021-04-07_16:11:31
0.0,0.0,0.0,0.0,0.0,0.0,2021-04-07_16:11:31
0.0,0.0,0.0,0.0,0.0,0.0,2021-04-07_16:11:31
0.0,0.0,0.0,0.0,0.0,0.0,2021-04-07_16:11:31
0.0,0.0,0.0,0.0,0.0,0.0,2021-04-07_16:11:31
0.0,0.0,0.0,0.0,0.0,0.0,2021-04-07_16:11:31
0.0,0.0,0.0,0.0,0.0,0.0,2021-04-07_16:11:31
0.0,0.0,0.0,0.0,0.0,0.0,2021-04-07_16:11:32
0.0,0.0,0.0,0.0,0.0,0.0,2021-04-07_16:11:32
0.0,0.0,0.0,0.0,0.0,0.0,2021-04-07_16:11:32
0.0,0.0,0.0,0.0,0.0,0.0,2021-04-07_16:11:32
0.0,0.0,0.0,0.0,0.0,0.0,2021-04-07_16:11:32
0.0,0.0,0.0,0.0,0.0,0.0,2021-04-07_16:11:32
0.0,0.0,0.0,0.0,0.0,0.0,2021-04-07_16:11:32
0.0,0.0,0.0,0.0,0.0,0.0,2021-04-07_16:11:32
0.0,0.0,0.0,0.0,0.0,0.0,2021-04-07_16:11:32
0.0,0.0,0.0,0.0,0.0,0.0,2021-04-07_16:11:32
0.0,0.0,0.0,0.0,0.0,0.0,2021-04-07_16:11:32
0.0,0.0,0.0,0.0,0.0,0.0,2021-04-07_16:11:32
0.0,0.0,0.0,0.0,0.0,0.0,2021-04-07_16:11:32
0.0,0.0,0.0,0.0,0.0,0.0,2021-04-07_16:11:33
0.0,0.0,0.0,0.0,0.0,0.0,2021-04-07_16:11:33
0.0,0.0,0.0,0.0,0.0,0.0,2021-04-07_16:11:33
0.0,0.0,0.0,0.0,0.0,0.0,2021-04-07_16:11:33
0.0,0.0,0.0,0.0,0.0,0.0,2021-04-07_16:11:33
0.0,0.0,0.0,0.0,0.0,0.0,2021-04-07_16:11:33
0.0,0.0,0.0,0.0,0.0,0.0,2021-04-07_16:11:33
0.0,0.0,0.0,0.0,0.0,0.0,2021-04-07_16:11:33
0.0,0.0,0.0,0.0,0.0,0.0,2021-04-07_16:11:33
0.0,0.0,0.0,0.0,0.0,0.0,2021-04-07_16:11:33
0.0,0.0,0.0,0.0,0.0,0.0,2021-04-07_16:11:33
0.0,0.0,0.0,0.0,0.0,0.0,2021-04-07_16:11:33
0.0,0.0,0.0,0.0,0.0,0.0,2021-04-07_16:11:33
0.0,0.0,0.0,0.0,0.0,0.0,2021-04-07_16:11:33
0.0,0.0,0.0,0.0,0.0,0.0,2021-04-07_16:11:34
0.0,0.0,0.0,0.0,0.0,0.0,2021-04-07_16:11:34
0.0,0.0,0.0,0.0,0.0,0.0,2021-04-07_16:11:34
0.0,0.0,0.0,0.0,0.0,0.0,2021-04-07_16:11:34
0.0,0.0,0.0,0.0,0.0,0.0,2021-04-07_16:11:34
0.0,0.0,0.0,0.0,0.0,0.0,2021-04-07_16:11:34
0.0,0.0,0.0,0.0,0.0,0.0,2021-04-07_16:11:34
0.0,0.0,0.0,0.0,0.0,0.0,2021-04-07_16:11:34
0.0,0.0,0.0,0.0,0.0,0.0,2021-04-07_16:11:34
0.0,0.0,0.0,0.0,0.0,0.0,2021-04-07_16:11:34
0.0,0.0,0.0,0.0,0.0,0.0,2021-04-07_16:11:34
0.0,0.0,0.0,0.0,0.0,0.0,2021-04-07_16:11:34
0.0,0.0,0.0,0.0,0.0,0.0,2021-04-07_16:11:34
0.0,0.0,0.0,0.0,0.0,0.0,2021-04-07_16:11:35
0.0,0.0,0.0,0.0,0.0,0.0,2021-04-07_16:11:35
0.0,0.0,0.0,0.0,0.0,0.0,2021-04-07_16:11:35
0.0,0.0,0.0,0.0,0.0,0.0,2021-04-07_16:11:35
0.0,0.0,0.0,0.0,0.0,0.0,2021-04-07_16:11:35
0.0,0.0,0.0,0.0,0.0,0.0,2021-04-07_16:11:35
0.0,0.0,0.0,0.0,0.0,0.0,2021-04-07_16:11:35
0.0,0.0,0.0,0.0,0.0,0.0,2021-04-07_16:11:35
0.0,0.0,0.0,0.0,0.0,0.0,2021-04-07_16:11:35
0.0,0.0,0.0,0.0,0.0,0.0,2021-04-07_16:11:35
0.0,0.0,0.0,0.0,0.0,0.0,2021-04-07_16:11:35
0.0,0.0,0.0,0.0,0.0,0.0,2021-04-07_16:11:35
0.0,0.0,0.0,0.0,0.0,0.0,2021-04-07_16:11:35
0.0,0.0,0.0,0.0,0.0,0.0,2021-04-07_16:11:35
0.0,0.0,0.0,0.0,0.0,0.0,2021-04-07_16:11:36
0.0,0.0,0.0,0.0,0.0,0.0,2021-04-07_16:11:36
0.0,0.0,0.0,0.0,0.0,0.0,2021-04-07_16:11:36
0.0,0.0,0.0,0.0,0.0,0.0,2021-04-07_16:11:36
0.0,0.0,0.0,0.0,0.0,0.0,2021-04-07_16:11:36
0.0,0.0,0.0,0.0,0.0,0.0,2021-04-07_16:11:36
0.0,0.0,0.0,0.0,0.0,0.0,2021-04-07_16:11:36
0.0,0.0,0.0,0.0,0.0,0.0,2021-04-07_16:11:36
0.0,0.0,0.0,0.0,0.0,0.0,2021-04-07_16:11:36
0.0,0.0,0.0,0.0,0.0,0.0,2021-04-07_16:11:36
0.0,0.0,0.0,0.0,0.0,0.0,2021-04-07_16:11:36
0.0,0.0,0.0,0.0,0.0,0.0,2021-04-07_16:11:36
0.0,0.0,0.0,0.0,0.0,0.0,2021-04-07_16:11:36
0.0,0.0,0.0,0.0,0.0,0.0,2021-04-07_16:11:37
0.0,0.0,0.0,0.0,0.0,0.0,2021-04-07_16:11:37
0.0,0.0,0.0,0.0,0.0,0.0,2021-04-07_16:11:37
0.0,0.0,0.0,0.0,0.0,0.0,2021-04-07_16:11:37
0.0,0.0,0.0,0.0,0.0,0.0,2021-04-07_16:11:37
0.0,0.0,0.0,0.0,0.0,0.0,2021-04-07_16:11:37
0.0,0.0,0.0,0.0,0.0,0.0,2021-04-07_16:11:37
0.0,0.0,0.0,0.0,0.0,0.0,2021-04-07_16:11:37
0.0,0.0,0.0,0.0,0.0,0.0,2021-04-07_16:11:37
0.0,0.0,0.0,0.0,0.0,0.0,2021-04-07_16:11:37
0.0,0.0,0.0,0.0,0.0,0.0,2021-04-07_16:11:37
0.0,0.0,0.0,0.0,0.0,0.0,2021-04-07_16:11:37
0.0,0.0,0.0,0.0,0.0,0.0,2021-04-07_16:11:37
0.0,0.0,0.0,0.0,0.0,0.0,2021-04-07_16:11:38
0.0,0.0,0.0,0.0,0.0,0.0,2021-04-07_16:11:38
0.0,0.0,0.0,0.0,0.0,0.0,2021-04-07_16:11:38
0.0,0.0,0.0,0.0,0.0,0.0,2021-04-07_16:11:38
0.0,0.0,0.0,0.0,0.0,0.0,2021-04-07_16:11:38
0.0,0.0,0.0,0.0,0.0,0.0,2021-04-07_16:11:38
0.0,0.0,0.0,0.0,0.0,0.0,2021-04-07_16:11:38
0.0,0.0,0.0,0.0,0.0,0.0,2021-04-07_16:11:38
0.0,0.0,0.0,0.0,0.0,0.0,2021-04-07_16:11:38
0.0,0.0,0.0,0.0,0.0,0.0,2021-04-07_16:11:38
0.0,0.0,0.0,0.0,0.0,0.0,2021-04-07_16:11:38
0.0,0.0,0.0,0.0,0.0,0.0,2021-04-07_16:11:38
0.0,0.0,0.0,0.0,0.0,0.0,2021-04-07_16:11:38
0.0,0.0,0.0,0.0,0.0,0.0,2021-04-07_16:11:38
0.0,0.0,0.0,0.0,0.0,0.0,2021-04-07_16:11:39
0.0,0.0,0.0,0.0,0.0,0.0,2021-04-07_16:11:39
0.0,0.0,0.0,0.0,0.0,0.0,2021-04-07_16:11:39
0.0,0.0,0.0,0.0,0.0,0.0,2021-04-07_16:11:39
0.0,0.0,0.0,0.0,0.0,0.0,2021-04-07_16:11:39
0.0,0.0,0.0,0.0,0.0,0.0,2021-04-07_16:11:39
0.0,0.0,0.0,0.0,0.0,0.0,2021-04-07_16:11:39
0.0,0.0,0.0,0.0,0.0,0.0,2021-04-07_16:11:39
0.0,0.0,0.0,0.0,0.0,0.0,2021-04-07_16:11:39
0.0,0.0,0.0,0.0,0.0,0.0,2021-04-07_16:11:39
0.0,0.0,0.0,0.0,0.0,0.0,2021-04-07_16:11:39
0.0,0.0,0.0,0.0,0.0,0.0,2021-04-07_16:11:39
0.0,0.0,0.0,0.0,0.0,0.0,2021-04-07_16:11:39
0.0,0.0,0.0,0.0,0.0,0.0,2021-04-07_16:11:40
0.0,0.0,0.0,0.0,0.0,0.0,2021-04-07_16:11:40
0.0,0.0,0.0,0.0,0.0,0.0,2021-04-07_16:11:40
0.0,0.0,0.0,0.0,0.0,0.0,2021-04-07_16:11:40
0.0,0.0,0.0,0.0,0.0,0.0,2021-04-07_16:11:40
0.0,0.0,0.0,0.0,0.0,0.0,2021-04-07_16:11:40
0.0,0.0,0.0,0.0,0.0,0.0,2021-04-07_16:11:40
0.0,0.0,0.0,0.0,0.0,0.0,2021-04-07_16:11:40
0.0,0.0,0.0,0.0,0.0,0.0,2021-04-07_16:11:40
0.0,0.0,0.0,0.0,0.0,0.0,2021-04-07_16:11:40
0.0,0.0,0.0,0.0,0.0,0.0,2021-04-07_16:11:40
0.0,0.0,0.0,0.0,0.0,0.0,2021-04-07_16:11:40
0.0,0.0,0.0,0.0,0.0,0.0,2021-04-07_16:11:40
0.0,0.0,0.0,0.0,0.0,0.0,2021-04-07_16:11:41
0.0,0.0,0.0,0.0,0.0,0.0,2021-04-07_16:11:41
0.0,0.0,0.0,0.0,0.0,0.0,2021-04-07_16:11:41
0.0,0.0,0.0,0.0,0.0,0.0,2021-04-07_16:11:41
0.0,0.0,0.0,0.0,0.0,0.0,2021-04-07_16:11:41
0.0,0.0,0.0,0.0,0.0,0.0,2021-04-07_16:11:41
0.0,0.0,0.0,0.0,0.0,0.0,2021-04-07_16:11:41
0.0,0.0,0.0,0.0,0.0,0.0,2021-04-07_16:11:41
0.0,0.0,0.0,0.0,0.0,0.0,2021-04-07_16:11:41
0.0,0.0,0.0,0.0,0.0,0.0,2021-04-07_16:11:41
0.0,0.0,0.0,0.0,0.0,0.0,2021-04-07_16:11:41
0.0,0.0,0.0,0.0,0.0,0.0,2021-04-07_16:11:41
0.0,0.0,0.0,0.0,0.0,0.0,2021-04-07_16:11:41
0.0,0.0,0.0,0.0,0.0,0.0,2021-04-07_16:11:41
0.0,0.0,0.0,0.0,0.0,0.0,2021-04-07_16:11:42
0.0,0.0,0.0,0.0,0.0,0.0,2021-04-07_16:11:42
0.0,0.0,0.0,0.0,0.0,0.0,2021-04-07_16:11:42
0.0,0.0,0.0,0.0,0.0,0.0,2021-04-07_16:11:42
0.0,0.0,0.0,0.0,0.0,0.0,2021-04-07_16:11:42
0.0,0.0,0.0,0.0,0.0,0.0,2021-04-07_16:11:42
0.0,0.0,0.0,0.0,0.0,0.0,2021-04-07_16:11:42
0.0,0.0,0.0,0.0,0.0,0.0,2021-04-07_16:11:42
0.0,0.0,0.0,0.0,0.0,0.0,2021-04-07_16:11:42
0.0,0.0,0.0,0.0,0.0,0.0,2021-04-07_16:11:42
0.0,0.0,0.0,0.0,0.0,0.0,2021-04-07_16:11:42
0.0,0.0,0.0,0.0,0.0,0.0,2021-04-07_16:11:42
0.0,0.0,0.0,0.0,0.0,0.0,2021-04-07_16:11:42
0.0,0.0,0.0,0.0,0.0,0.0,2021-04-07_16:11:43
0.0,0.0,0.0,0.0,0.0,0.0,2021-04-07_16:11:43
0.0,0.0,0.0,0.0,0.0,0.0,2021-04-07_16:11:43
0.0,0.0,0.0,0.0,0.0,0.0,2021-04-07_16:11:43
0.0,0.0,0.0,0.0,0.0,0.0,2021-04-07_16:11:43
0.0,0.0,0.0,0.0,0.0,0.0,2021-04-07_16:11:43
0.0,0.0,0.0,0.0,0.0,0.0,2021-04-07_16:11:43
0.0,0.0,0.0,0.0,0.0,0.0,2021-04-07_16:11:43
0.0,0.0,0.0,0.0,0.0,0.0,2021-04-07_16:11:43
0.0,0.0,0.0,0.0,0.0,0.0,2021-04-07_16:11:43
0.0,0.0,0.0,0.0,0.0,0.0,2021-04-07_16:11:43
0.0,0.0,0.0,0.0,0.0,0.0,2021-04-07_16:11:43
0.0,0.0,0.0,0.0,0.0,0.0,2021-04-07_16:11:43
0.0,0.0,0.0,0.0,0.0,0.0,2021-04-07_16:11:43
0.0,0.0,0.0,0.0,0.0,0.0,2021-04-07_16:11:44
0.0,0.0,0.0,0.0,0.0,0.0,2021-04-07_16:11:44
0.0,0.0,0.0,0.0,0.0,0.0,2021-04-07_16:11:44
0.0,0.0,0.0,0.0,0.0,0.0,2021-04-07_16:11:44
0.0,0.0,0.0,0.0,0.0,0.0,2021-04-07_16:11:44
0.0,0.0,0.0,0.0,0.0,0.0,2021-04-07_16:11:44
0.0,0.0,0.0,0.0,0.0,0.0,2021-04-07_16:11:44
0.0,0.0,0.0,0.0,0.0,0.0,2021-04-07_16:11:44
0.0,0.0,0.0,0.0,0.0,0.0,2021-04-07_16:11:44
0.0,0.0,0.0,0.0,0.0,0.0,2021-04-07_16:11:44
0.0,0.0,0.0,0.0,0.0,0.0,2021-04-07_16:11:44
0.0,0.0,0.0,0.0,0.0,0.0,2021-04-07_16:11:44
0.0,0.0,0.0,0.0,0.0,0.0,2021-04-07_16:11:44
0.0,0.0,0.0,0.0,0.0,0.0,2021-04-07_16:11:45
0.0,0.0,0.0,0.0,0.0,0.0,2021-04-07_16:11:45
0.0,0.0,0.0,0.0,0.0,0.0,2021-04-07_16:11:45
0.0,0.0,0.0,0.0,0.0,0.0,2021-04-07_16:11:45
0.0,0.0,0.0,0.0,0.0,0.0,2021-04-07_16:11:45
0.0,0.0,0.0,0.0,0.0,0.0,2021-04-07_16:11:45
0.0,0.0,0.0,0.0,0.0,0.0,2021-04-07_16:11:45
0.0,0.0,0.0,0.0,0.0,0.0,2021-04-07_16:11:45
0.0,0.0,0.0,0.0,0.0,0.0,2021-04-07_16:11:45
0.0,0.0,0.0,0.0,0.0,0.0,2021-04-07_16:11:45
0.0,0.0,0.0,0.0,0.0,0.0,2021-04-07_16:11:45
0.0,0.0,0.0,0.0,0.0,0.0,2021-04-07_16:11:45
0.0,0.0,0.0,0.0,0.0,0.0,2021-04-07_16:11:45
0.0,0.0,0.0,0.0,0.0,0.0,2021-04-07_16:11:46
0.0,0.0,0.0,0.0,0.0,0.0,2021-04-07_16:11:46
0.0,0.0,0.0,0.0,0.0,0.0,2021-04-07_16:11:46
0.0,0.0,0.0,0.0,0.0,0.0,2021-04-07_16:11:46
0.0,0.0,0.0,0.0,0.0,0.0,2021-04-07_16:11:46
0.0,0.0,0.0,0.0,0.0,0.0,2021-04-07_16:11:46
0.0,0.0,0.0,0.0,0.0,0.0,2021-04-07_16:11:46
0.0,0.0,0.0,0.0,0.0,0.0,2021-04-07_16:11:46
0.0,0.0,0.0,0.0,0.0,0.0,2021-04-07_16:11:46
0.0,0.0,0.0,0.0,0.0,0.0,2021-04-07_16:11:46
0.0,0.0,0.0,0.0,0.0,0.0,2021-04-07_16:11:46
0.0,0.0,0.0,0.0,0.0,0.0,2021-04-07_16:11:46
0.0,0.0,0.0,0.0,0.0,0.0,2021-04-07_16:11:46
0.0,0.0,0.0,0.0,0.0,0.0,2021-04-07_16:11:46
0.0,0.0,0.0,0.0,0.0,0.0,2021-04-07_16:11:47
0.0,0.0,0.0,0.0,0.0,0.0,2021-04-07_16:11:47
0.0,0.0,0.0,0.0,0.0,0.0,2021-04-07_16:11:47
0.0,0.0,0.0,0.0,0.0,0.0,2021-04-07_16:11:47
0.0,0.0,0.0,0.0,0.0,0.0,2021-04-07_16:11:47
0.0,0.0,0.0,0.0,0.0,0.0,2021-04-07_16:11:47
0.0,0.0,0.0,0.0,0.0,0.0,2021-04-07_16:11:47
0.0,0.0,0.0,0.0,-0.01,0.01,2021-04-07_16:11:47
0.0,0.0,0.0,0.0,-0.01,0.01,2021-04-07_16:11:47
0.0,0.0,0.0,0.0,0.0,0.0,2021-04-07_16:11:47
0.0,0.0,0.0,0.0,0.0,0.0,2021-04-07_16:11:47
0.0,0.0,0.0,0.0,0.01,-0.01,2021-04-07_16:11:47
0.0,0.0,0.0,0.0,0.0,0.0,2021-04-07_16:11:47
0.0,0.0,0.0,0.0,-0.02,0.02,2021-04-07_16:11:48
0.0,0.0,0.0,0.0,-0.02,0.02,2021-04-07_16:11:48
0.0,0.0,0.0,0.0,0.0,0.0,2021-04-07_16:11:48
0.0,0.0,0.0,0.0,0.0,0.0,2021-04-07_16:11:48
0.0,0.0,0.0,0.0,-0.02,0.02,2021-04-07_16:11:48
0.0,0.0,0.0,0.0,-0.04,0.04,2021-04-07_16:11:48
0.0,0.0,0.0,0.0,-0.01,0.01,2021-04-07_16:11:48
0.0,0.0,0.0,0.0,-0.02,0.02,2021-04-07_16:11:48
0.0,0.0,0.0,0.0,-0.02,0.02,2021-04-07_16:11:48
0.0,0.0,0.0,0.0,-0.17,0.17,2021-04-07_16:11:48
0.0,0.0,0.0,0.0,-0.01,0.01,2021-04-07_16:11:48
0.0,0.0,0.0,0.0,0.03,-0.03,2021-04-07_16:11:48
0.0,0.0,0.0,0.0,-0.01,0.01,2021-04-07_16:11:48
0.0,0.0,0.0,0.0,-0.03,0.03,2021-04-07_16:11:49
0.0,0.0,0.0,0.0,-0.24,0.24,2021-04-07_16:11:49
0.0,0.0,0.0,0.0,-0.18,0.18,2021-04-07_16:11:49
0.0,0.0,0.0,0.0,-0.06,0.06,2021-04-07_16:11:49
0.0,0.0,0.0,0.0,-0.02,0.02,2021-04-07_16:11:49
0.0,0.0,0.0,0.0,-0.01,0.01,2021-04-07_16:11:49
0.0,0.0,0.0,0.0,-0.25,0.25,2021-04-07_16:11:49
0.0,0.0,0.0,0.0,-0.21,0.21,2021-04-07_16:11:49
0.0,0.0,0.0,0.0,-0.09,0.09,2021-04-07_16:11:49
0.0,0.0,0.0,0.0,-0.06,0.06,2021-04-07_16:11:49
0.0,0.0,0.0,0.0,-0.09,0.09,2021-04-07_16:11:49
0.0,0.0,0.0,0.0,-0.49,0.49,2021-04-07_16:11:49
0.0,0.0,0.0,0.0,-0.27,0.27,2021-04-07_16:11:49
0.0,0.0,0.0,0.0,-0.02,0.02,2021-04-07_16:11:49
0.0,0.0,0.0,0.0,0.0,0.0,2021-04-07_16:11:50
0.0,0.0,0.0,0.0,0.0,0.0,2021-04-07_16:11:50
0.0,0.0,0.0,0.0,0.0,0.0,2021-04-07_16:11:50
0.0,0.0,0.0,0.0,-0.01,0.01,2021-04-07_16:11:50
0.0,0.0,0.0,0.0,-0.01,0.01,2021-04-07_16:11:50
0.0,0.0,0.0,0.0,0.0,0.0,2021-04-07_16:11:50
0.0,0.0,0.0,0.0,0.01,-0.01,2021-04-07_16:11:50
0.0,0.0,0.0,0.0,0.02,-0.02,2021-04-07_16:11:50
0.0,0.0,0.0,0.0,0.07,-0.07,2021-04-07_16:11:50
0.0,0.0,0.0,0.0,0.05,-0.05,2021-04-07_16:11:50
0.0,0.0,0.0,0.0,0.01,-0.01,2021-04-07_16:11:50
0.0,0.0,0.0,0.0,0.0,0.0,2021-04-07_16:11:50
0.0,0.0,0.0,0.0,-0.01,0.01,2021-04-07_16:11:50
0.0,0.0,0.0,0.0,0.01,-0.01,2021-04-07_16:11:51
0.0,0.0,0.0,0.0,0.0,0.0,2021-04-07_16:11:51
0.0,0.0,0.0,0.0,0.0,0.0,2021-04-07_16:11:51
0.0,0.0,0.0,0.0,0.0,0.0,2021-04-07_16:11:51
0.0,0.0,0.0,0.0,0.01,-0.01,2021-04-07_16:11:51
0.0,0.0,0.0,0.0,-0.01,0.01,2021-04-07_16:11:51
0.0,0.0,0.0,0.0,0.0,0.0,2021-04-07_16:11:51
0.0,0.0,0.0,0.0,0.0,0.0,2021-04-07_16:11:51
0.0,0.0,0.0,0.0,0.0,0.0,2021-04-07_16:11:51
0.0,0.0,0.0,0.0,0.01,-0.01,2021-04-07_16:11:51
0.0,0.0,0.0,0.0,-0.01,0.01,2021-04-07_16:11:51
0.0,0.0,0.0,0.0,0.0,0.0,2021-04-07_16:11:51
0.0,0.0,0.0,0.0,0.0,0.0,2021-04-07_16:11:51
0.0,0.0,0.0,0.0,0.0,0.0,2021-04-07_16:11:51
0.0,0.0,0.0,0.0,0.0,0.0,2021-04-07_16:11:52
0.0,0.0,0.0,0.0,-0.01,0.01,2021-04-07_16:11:52
0.0,0.0,0.0,0.0,0.01,-0.01,2021-04-07_16:11:52
0.0,0.0,0.0,0.0,0.0,0.0,2021-04-07_16:11:52
0.0,0.0,0.0,0.0,0.0,0.0,2021-04-07_16:11:52
0.0,0.0,0.0,0.0,0.0,0.0,2021-04-07_16:11:52
0.0,0.0,0.0,0.0,0.0,0.0,2021-04-07_16:11:52
0.0,0.0,0.0,0.0,-0.01,0.01,2021-04-07_16:11:52
0.0,0.0,0.0,0.0,0.0,0.0,2021-04-07_16:11:52
0.0,0.0,0.0,0.0,0.01,-0.01,2021-04-07_16:11:52
0.0,0.0,0.0,0.0,0.0,0.0,2021-04-07_16:11:52
0.0,0.0,0.0,0.0,-0.01,0.01,2021-04-07_16:11:52
0.0,0.0,0.0,0.0,0.0,0.0,2021-04-07_16:11:52
0.0,0.0,0.0,0.0,0.01,-0.01,2021-04-07_16:11:53
0.0,0.0,0.0,0.0,0.0,0.0,2021-04-07_16:11:53
0.0,0.0,0.0,0.0,-0.02,0.02,2021-04-07_16:11:53
0.0,0.0,0.0,0.0,0.01,-0.01,2021-04-07_16:11:53
0.0,0.0,0.0,0.0,0.01,-0.01,2021-04-07_16:11:53
0.0,0.0,0.0,0.0,-0.01,0.01,2021-04-07_16:11:53
0.0,0.0,0.0,0.0,-0.01,0.01,2021-04-07_16:11:53
0.0,0.0,0.0,0.0,0.01,-0.01,2021-04-07_16:11:53
0.0,0.0,0.0,0.0,0.0,0.0,2021-04-07_16:11:53
0.0,0.0,0.0,0.0,0.0,0.0,2021-04-07_16:11:53
0.0,0.0,0.0,0.0,0.0,0.0,2021-04-07_16:11:53
0.0,0.0,0.0,0.0,-0.01,0.01,2021-04-07_16:11:53
0.0,0.0,0.0,0.0,0.01,-0.01,2021-04-07_16:11:53
0.0,0.0,0.0,0.0,0.0,0.0,2021-04-07_16:11:54
0.0,0.0,0.0,0.0,-0.01,0.01,2021-04-07_16:11:54
0.0,0.0,0.0,0.0,0.0,0.0,2021-04-07_16:11:54
0.0,0.0,0.0,0.0,0.0,0.0,2021-04-07_16:11:54
0.0,0.0,0.0,0.0,0.01,-0.01,2021-04-07_16:11:54
0.0,0.0,0.0,0.0,0.0,0.0,2021-04-07_16:11:54
0.0,0.0,0.0,0.0,-0.01,0.01,2021-04-07_16:11:54
0.0,0.0,0.0,0.0,0.0,0.0,2021-04-07_16:11:54
0.0,0.0,0.0,0.0,0.0,0.0,2021-04-07_16:11:54
0.0,0.0,0.0,0.0,0.01,-0.01,2021-04-07_16:11:54
0.0,0.0,0.0,0.0,-0.01,0.01,2021-04-07_16:11:54
0.0,0.0,0.0,0.0,-0.04,0.04,2021-04-07_16:11:54
0.0,0.0,0.0,0.0,0.07,-0.07,2021-04-07_16:11:54
0.0,0.0,0.0,0.0,0.58,-0.58,2021-04-07_16:11:54
0.0,0.0,0.0,0.0,0.08,-0.08,2021-04-07_16:11:55
0.0,0.0,0.0,0.0,0.06,-0.06,2021-04-07_16:11:55
0.0,0.0,0.0,0.0,0.18,-0.18,2021-04-07_16:11:55
0.0,0.0,0.0,0.0,0.42,-0.42,2021-04-07_16:11:55
0.0,0.0,0.0,0.0,0.06,-0.06,2021-04-07_16:11:55
0.0,0.0,0.0,0.0,-0.03,0.03,2021-04-07_16:11:55
0.0,0.0,0.0,0.0,0.04,-0.04,2021-04-07_16:11:55
0.0,0.0,0.0,0.0,0.11,-0.11,2021-04-07_16:11:55
0.0,0.0,0.0,0.0,0.4,-0.4,2021-04-07_16:11:55
0.0,0.0,0.0,0.0,0.02,-0.02,2021-04-07_16:11:55
0.0,0.0,0.0,0.0,0.0,0.0,2021-04-07_16:11:55
0.0,0.0,0.0,0.0,0.01,-0.01,2021-04-07_16:11:55
0.0,0.0,0.0,0.0,0.03,-0.03,2021-04-07_16:11:55
0.0,0.0,0.0,0.0,0.15,-0.15,2021-04-07_16:11:56
0.0,0.0,0.0,0.0,-0.01,0.01,2021-04-07_16:11:56
0.0,0.0,0.0,0.0,0.01,-0.01,2021-04-07_16:11:56
0.0,0.0,0.0,0.0,0.02,-0.02,2021-04-07_16:11:56
0.0,0.0,0.0,0.0,0.04,-0.04,2021-04-07_16:11:56
0.0,0.0,0.0,0.0,0.0,0.0,2021-04-07_16:11:56
0.0,0.0,0.0,0.0,0.0,0.0,2021-04-07_16:11:56
0.0,0.0,0.0,0.0,0.0,0.0,2021-04-07_16:11:56
0.0,0.0,0.0,0.0,0.0,0.0,2021-04-07_16:11:56
0.0,0.0,0.0,0.0,0.02,-0.02,2021-04-07_16:11:56
0.0,0.0,0.0,0.0,-0.01,0.01,2021-04-07_16:11:56
0.0,0.0,0.0,0.0,0.0,0.0,2021-04-07_16:11:56
0.0,0.0,0.0,0.0,0.0,0.0,2021-04-07_16:11:56
0.0,0.0,0.0,0.0,0.01,-0.01,2021-04-07_16:11:56
0.0,0.0,0.0,0.0,0.0,0.0,2021-04-07_16:11:57
0.0,0.0,0.0,0.0,0.0,0.0,2021-04-07_16:11:57
0.0,0.0,0.0,0.0,0.0,0.0,2021-04-07_16:11:57
0.0,0.0,0.0,0.0,0.0,0.0,2021-04-07_16:11:57
0.0,0.0,0.0,0.0,0.0,0.0,2021-04-07_16:11:57
0.0,0.0,0.0,0.0,0.0,0.0,2021-04-07_16:11:57
0.0,0.0,0.0,0.0,0.0,0.0,2021-04-07_16:11:57
0.0,0.0,0.0,0.0,0.0,0.0,2021-04-07_16:11:57
0.0,0.0,0.0,0.0,0.0,0.0,2021-04-07_16:11:57
0.0,0.0,0.0,0.0,0.0,0.0,2021-04-07_16:11:57
0.0,0.0,0.0,0.0,0.0,0.0,2021-04-07_16:11:57
0.0,0.0,0.0,0.0,0.0,0.0,2021-04-07_16:11:57
0.0,0.0,0.0,0.0,0.0,0.0,2021-04-07_16:11:57
0.0,0.0,0.0,0.0,0.0,0.0,2021-04-07_16:11:58
0.0,0.0,0.0,0.0,0.0,0.0,2021-04-07_16:11:58
0.0,0.0,0.0,0.0,0.0,0.0,2021-04-07_16:11:58
0.0,0.0,0.0,0.0,0.0,0.0,2021-04-07_16:11:58
0.0,0.0,0.0,0.0,0.0,0.0,2021-04-07_16:11:58
0.0,0.0,0.0,0.0,0.0,0.0,2021-04-07_16:11:58
0.0,0.0,0.0,0.0,0.0,0.0,2021-04-07_16:11:58
0.0,0.0,0.0,0.0,0.0,0.0,2021-04-07_16:11:58
0.0,0.0,0.0,0.0,0.0,0.0,2021-04-07_16:11:58
0.0,0.0,0.0,0.0,0.0,0.0,2021-04-07_16:11:58
0.0,0.0,0.0,0.0,0.0,0.0,2021-04-07_16:11:58
0.0,0.0,0.0,0.0,0.0,0.0,2021-04-07_16:11:58
0.0,0.0,0.0,0.0,0.0,0.0,2021-04-07_16:11:58
0.0,0.0,0.0,0.0,0.0,0.0,2021-04-07_16:11:59
0.0,0.0,0.0,0.0,0.0,0.0,2021-04-07_16:11:59
0.0,0.0,0.0,0.0,0.0,0.0,2021-04-07_16:11:59
0.0,0.0,0.0,0.0,0.0,0.0,2021-04-07_16:11:59
0.0,0.0,0.0,0.0,0.0,0.0,2021-04-07_16:11:59
0.0,0.0,0.0,0.0,0.0,0.0,2021-04-07_16:11:59
0.0,0.0,0.0,0.0,0.0,0.0,2021-04-07_16:11:59
0.0,0.0,0.0,0.0,0.0,0.0,2021-04-07_16:11:59
0.0,0.0,0.0,0.0,0.0,0.0,2021-04-07_16:11:59
0.0,0.0,0.0,0.0,0.0,0.0,2021-04-07_16:11:59
0.0,0.0,0.0,0.0,0.0,0.0,2021-04-07_16:11:59
0.0,0.0,0.0,0.0,0.0,0.0,2021-04-07_16:11:59
0.0,0.0,0.0,0.0,0.0,0.0,2021-04-07_16:11:59
0.0,0.0,0.0,0.0,0.0,0.0,2021-04-07_16:11:59
0.0,0.0,0.0,0.0,0.0,0.0,2021-04-07_16:12:00
0.0,0.0,0.0,0.0,0.0,0.0,2021-04-07_16:12:00
0.0,0.0,0.0,0.0,0.0,0.0,2021-04-07_16:12:00
0.0,0.0,0.0,0.0,0.0,0.0,2021-04-07_16:12:00
0.0,0.0,0.0,0.0,0.0,0.0,2021-04-07_16:12:00
0.0,0.0,0.0,0.0,0.0,0.0,2021-04-07_16:12:00
0.0,0.0,0.0,0.0,0.0,0.0,2021-04-07_16:12:00
0.0,0.0,0.0,0.0,0.0,0.0,2021-04-07_16:12:00
0.0,0.0,0.0,0.0,0.0,0.0,2021-04-07_16:12:00
0.0,0.0,0.0,0.0,0.0,0.0,2021-04-07_16:12:00
0.0,0.0,0.0,0.0,0.0,0.0,2021-04-07_16:12:00
0.0,0.0,0.0,0.0,0.0,0.0,2021-04-07_16:12:00
0.0,0.0,0.0,0.0,0.0,0.0,2021-04-07_16:12:00
0.0,0.0,0.0,0.0,0.0,0.0,2021-04-07_16:12:01
0.0,0.0,0.0,0.0,0.0,0.0,2021-04-07_16:12:01
0.0,0.0,0.0,0.0,0.0,0.0,2021-04-07_16:12:01
0.0,0.0,0.0,0.0,0.0,0.0,2021-04-07_16:12:01
0.0,0.0,0.0,0.0,0.0,0.0,2021-04-07_16:12:01
0.0,0.0,0.0,0.0,0.0,0.0,2021-04-07_16:12:01
0.0,0.0,0.0,0.0,0.0,0.0,2021-04-07_16:12:01
0.0,0.0,0.0,0.0,0.0,0.0,2021-04-07_16:12:01
0.0,0.0,0.0,0.0,0.0,0.0,2021-04-07_16:12:01
0.0,0.0,0.0,0.0,0.0,0.0,2021-04-07_16:12:01
0.0,0.0,0.0,0.0,0.0,0.0,2021-04-07_16:12:01
0.0,0.0,0.0,0.0,0.0,0.0,2021-04-07_16:12:01
0.0,0.0,0.0,0.0,0.0,0.0,2021-04-07_16:12:01
0.0,0.0,0.0,0.0,0.0,0.0,2021-04-07_16:12:02
0.0,0.0,0.0,0.0,0.0,0.0,2021-04-07_16:12:02
0.0,0.0,0.0,0.0,0.0,0.0,2021-04-07_16:12:02
0.0,0.0,0.0,0.0,0.0,0.0,2021-04-07_16:12:02
0.0,0.0,0.0,0.0,0.0,0.0,2021-04-07_16:12:02
0.0,0.0,0.0,0.0,0.0,0.0,2021-04-07_16:12:02
0.0,0.0,0.0,0.0,0.0,0.0,2021-04-07_16:12:02
0.0,0.0,0.0,0.0,0.0,0.0,2021-04-07_16:12:02
0.0,0.0,0.0,0.0,0.0,0.0,2021-04-07_16:12:02
0.0,0.0,0.0,0.0,0.0,0.0,2021-04-07_16:12:02
0.0,0.0,0.0,0.0,0.0,0.0,2021-04-07_16:12:02
0.0,0.0,0.0,0.0,0.0,0.0,2021-04-07_16:12:02
0.0,0.0,0.0,0.0,0.0,0.0,2021-04-07_16:12:02
0.0,0.0,0.0,0.0,0.0,0.0,2021-04-07_16:12:02
0.0,0.0,0.0,0.0,0.0,0.0,2021-04-07_16:12:03
0.0,0.0,0.0,0.0,0.0,0.0,2021-04-07_16:12:03
0.0,0.0,0.0,0.0,0.0,0.0,2021-04-07_16:12:03
0.0,0.0,0.0,0.0,0.0,0.0,2021-04-07_16:12:03
0.0,0.0,0.0,0.0,0.0,0.0,2021-04-07_16:12:03
0.0,0.0,0.0,0.0,0.0,0.0,2021-04-07_16:12:03
0.0,0.0,0.0,0.0,0.0,0.0,2021-04-07_16:12:03
0.0,0.0,0.0,0.0,0.0,0.0,2021-04-07_16:12:03
0.0,0.0,0.0,0.0,0.0,0.0,2021-04-07_16:12:03
0.0,0.0,0.0,0.0,0.0,0.0,2021-04-07_16:12:03
0.0,0.0,0.0,0.0,0.0,0.0,2021-04-07_16:12:03
0.0,0.0,0.0,0.0,0.0,0.0,2021-04-07_16:12:03
0.0,0.0,0.0,0.0,0.0,0.0,2021-04-07_16:12:03
0.0,0.0,0.0,0.0,0.0,0.0,2021-04-07_16:12:04
0.0,0.0,0.0,0.0,0.0,0.0,2021-04-07_16:12:04
0.0,0.0,0.0,0.0,0.0,0.0,2021-04-07_16:12:04
0.0,0.0,0.0,0.0,0.0,0.0,2021-04-07_16:12:04
0.0,0.0,0.0,0.0,0.0,0.0,2021-04-07_16:12:04
0.0,0.0,0.0,0.0,0.0,0.0,2021-04-07_16:12:04
0.0,0.0,0.0,0.0,0.0,0.0,2021-04-07_16:12:04
0.0,0.0,0.0,0.0,0.0,0.0,2021-04-07_16:12:04
0.0,0.0,0.0,0.0,0.0,0.0,2021-04-07_16:12:04
0.0,0.0,0.0,0.0,0.0,0.0,2021-04-07_16:12:04
0.0,0.0,0.0,0.0,0.0,0.0,2021-04-07_16:12:04
0.0,0.0,0.0,0.0,0.0,0.0,2021-04-07_16:12:04
0.0,0.0,0.0,0.0,0.0,0.0,2021-04-07_16:12:04
0.0,0.0,0.0,0.0,0.0,0.0,2021-04-07_16:12:04
0.0,0.0,0.0,0.0,0.0,0.0,2021-04-07_16:12:05
0.0,0.0,0.0,0.0,0.0,0.0,2021-04-07_16:12:05
0.0,0.0,0.0,0.0,0.0,0.0,2021-04-07_16:12:05
0.0,0.0,0.0,0.0,0.0,0.0,2021-04-07_16:12:05
0.0,0.0,0.0,0.0,0.0,0.0,2021-04-07_16:12:05
0.0,0.0,0.0,0.0,0.0,0.0,2021-04-07_16:12:05
0.0,0.0,0.0,0.0,0.0,0.0,2021-04-07_16:12:05
0.0,0.0,0.0,0.0,0.0,0.0,2021-04-07_16:12:05
0.0,0.0,0.0,0.0,0.0,0.0,2021-04-07_16:12:05
0.0,0.0,0.0,0.0,0.0,0.0,2021-04-07_16:12:05
0.0,0.0,0.0,0.0,0.0,0.0,2021-04-07_16:12:05
0.0,0.0,0.0,0.0,0.0,0.0,2021-04-07_16:12:05
0.0,0.0,0.0,0.0,0.0,0.0,2021-04-07_16:12:05
0.0,0.0,0.0,0.0,0.0,0.0,2021-04-07_16:12:06
0.0,0.0,0.0,0.0,0.0,0.0,2021-04-07_16:12:06
0.0,0.0,0.0,0.0,0.0,0.0,2021-04-07_16:12:06
0.0,0.0,0.0,0.0,0.0,0.0,2021-04-07_16:12:06
0.0,0.0,0.0,0.0,0.0,0.0,2021-04-07_16:12:06
0.0,0.0,0.0,0.0,0.0,0.0,2021-04-07_16:12:06
0.0,0.0,0.0,0.0,0.0,0.0,2021-04-07_16:12:06
0.0,0.0,0.0,0.0,0.0,0.0,2021-04-07_16:12:06
0.0,0.0,0.0,0.0,0.0,0.0,2021-04-07_16:12:06
0.0,0.0,0.0,0.0,0.0,0.0,2021-04-07_16:12:06
0.0,0.0,0.0,0.0,0.0,0.0,2021-04-07_16:12:06
0.0,0.0,0.0,0.0,0.0,0.0,2021-04-07_16:12:06
0.0,0.0,0.0,0.0,0.0,0.0,2021-04-07_16:12:06
0.0,0.0,0.0,0.0,0.0,0.0,2021-04-07_16:12:07
0.0,0.0,0.0,0.0,0.0,0.0,2021-04-07_16:12:07
0.0,0.0,0.0,0.0,0.0,0.0,2021-04-07_16:12:07
0.0,0.0,0.0,0.0,0.0,0.0,2021-04-07_16:12:07
0.0,0.0,0.0,0.0,0.0,0.0,2021-04-07_16:12:07
0.0,0.0,0.0,0.0,0.0,0.0,2021-04-07_16:12:07
0.0,0.0,0.0,0.0,0.0,0.0,2021-04-07_16:12:07
0.0,0.0,0.0,0.0,0.0,0.0,2021-04-07_16:12:07
0.0,0.0,0.0,0.0,0.0,0.0,2021-04-07_16:12:07
0.0,0.0,0.0,0.0,0.0,0.0,2021-04-07_16:12:07
0.0,0.0,0.0,0.0,0.0,0.0,2021-04-07_16:12:07
0.0,0.0,0.0,0.0,0.0,0.0,2021-04-07_16:12:07
0.0,0.0,0.0,0.0,0.0,0.0,2021-04-07_16:12:07
0.0,0.0,0.0,0.0,0.0,0.0,2021-04-07_16:12:07
0.0,0.0,0.0,0.0,0.0,0.0,2021-04-07_16:12:08
0.0,0.0,0.0,0.0,0.0,0.0,2021-04-07_16:12:08
0.0,0.0,0.0,0.0,0.0,0.0,2021-04-07_16:12:08
0.0,0.0,0.0,0.0,0.0,0.0,2021-04-07_16:12:08
0.0,0.0,0.0,0.0,0.0,0.0,2021-04-07_16:12:08
0.0,0.0,0.0,0.0,0.0,0.0,2021-04-07_16:12:08
0.0,0.0,0.0,0.0,0.0,0.0,2021-04-07_16:12:08
0.0,0.0,0.0,0.0,0.0,0.0,2021-04-07_16:12:08
0.0,0.0,0.0,0.0,0.0,0.0,2021-04-07_16:12:08
0.0,0.0,0.0,0.0,0.0,0.0,2021-04-07_16:12:08
0.0,0.0,0.0,0.0,0.0,0.0,2021-04-07_16:12:08
0.0,0.0,0.0,0.0,0.0,0.0,2021-04-07_16:12:08
0.0,0.0,0.0,0.0,0.0,0.0,2021-04-07_16:12:08
0.0,0.0,0.0,0.0,0.0,0.0,2021-04-07_16:12:09
0.0,0.0,0.0,0.0,0.0,0.0,2021-04-07_16:12:09
0.0,0.0,0.0,0.0,0.0,0.0,2021-04-07_16:12:09
0.0,0.0,0.0,0.0,0.0,0.0,2021-04-07_16:12:09
0.0,0.0,0.0,0.0,0.0,0.0,2021-04-07_16:12:09
0.0,0.0,0.0,0.0,0.0,0.0,2021-04-07_16:12:09
0.0,0.0,0.0,0.0,0.0,0.0,2021-04-07_16:12:09
0.0,0.0,0.0,0.0,0.0,0.0,2021-04-07_16:12:09
0.0,0.0,0.0,0.0,0.0,0.0,2021-04-07_16:12:09
0.0,0.0,0.0,0.0,0.0,0.0,2021-04-07_16:12:09
0.0,0.0,0.0,0.0,0.0,0.0,2021-04-07_16:12:09
0.0,0.0,0.0,0.0,0.0,0.0,2021-04-07_16:12:09
0.0,0.0,0.0,0.0,0.0,0.0,2021-04-07_16:12:09
0.0,0.0,0.0,0.0,0.0,0.0,2021-04-07_16:12:09
0.0,0.0,0.0,0.0,0.0,0.0,2021-04-07_16:12:10
0.0,0.0,0.0,0.0,0.0,0.0,2021-04-07_16:12:10
0.0,0.0,0.0,0.0,0.0,0.0,2021-04-07_16:12:10
0.0,0.0,0.0,0.0,0.0,0.0,2021-04-07_16:12:10
0.0,0.0,0.0,0.0,0.0,0.0,2021-04-07_16:12:10
0.0,0.0,0.0,0.0,0.0,0.0,2021-04-07_16:12:10
0.0,0.0,0.0,0.0,0.0,0.0,2021-04-07_16:12:10
0.0,0.0,0.0,0.0,0.0,0.0,2021-04-07_16:12:10
0.0,0.0,0.0,0.0,0.0,0.0,2021-04-07_16:12:10
0.0,0.0,0.0,0.0,0.0,0.0,2021-04-07_16:12:10
0.0,0.0,0.0,0.0,0.0,0.0,2021-04-07_16:12:10
0.0,0.0,0.0,0.0,0.0,0.0,2021-04-07_16:12:10
0.0,0.0,0.0,0.0,0.0,0.0,2021-04-07_16:12:10
0.0,0.0,0.0,0.0,0.0,0.0,2021-04-07_16:12:11
0.0,0.0,0.0,0.0,0.0,0.0,2021-04-07_16:12:11
0.0,0.0,0.0,0.0,0.0,0.0,2021-04-07_16:12:11
0.0,0.0,0.0,0.0,0.0,0.0,2021-04-07_16:12:11
0.0,0.0,0.0,0.0,0.0,0.0,2021-04-07_16:12:11
0.0,0.0,0.0,0.0,0.0,0.0,2021-04-07_16:12:11
0.0,0.0,0.0,0.0,0.0,0.0,2021-04-07_16:12:11
0.0,0.0,0.0,0.0,0.0,0.0,2021-04-07_16:12:11
0.0,0.0,0.0,0.0,0.0,0.0,2021-04-07_16:12:11
0.0,0.0,0.0,0.0,0.0,0.0,2021-04-07_16:12:11
0.0,0.0,0.0,0.0,0.0,0.0,2021-04-07_16:12:11
0.0,0.0,0.0,0.0,0.0,0.0,2021-04-07_16:12:11
0.0,0.0,0.0,0.0,0.0,0.0,2021-04-07_16:12:11
0.0,0.0,0.0,0.0,0.0,0.0,2021-04-07_16:12:12
0.0,0.0,0.0,0.0,0.0,0.0,2021-04-07_16:12:12
0.0,0.0,0.0,0.0,0.0,0.0,2021-04-07_16:12:12
0.0,0.0,0.0,0.0,0.0,0.0,2021-04-07_16:12:12
0.0,0.0,0.0,0.0,0.0,0.0,2021-04-07_16:12:12
0.0,0.0,0.0,0.0,0.0,0.0,2021-04-07_16:12:12
0.0,0.0,0.0,0.0,0.0,0.0,2021-04-07_16:12:12
0.0,0.0,0.0,0.0,0.0,0.0,2021-04-07_16:12:12
0.0,0.0,0.0,0.0,0.0,0.0,2021-04-07_16:12:12
0.0,0.0,0.0,0.0,0.0,0.0,2021-04-07_16:12:12
0.0,0.0,0.0,0.0,0.0,0.0,2021-04-07_16:12:12
0.0,0.0,0.0,0.0,0.0,0.0,2021-04-07_16:12:12
0.0,0.0,0.0,0.0,0.0,0.0,2021-04-07_16:12:12
0.0,0.0,0.0,0.0,0.0,0.0,2021-04-07_16:12:12
0.0,0.0,0.0,0.0,0.0,0.0,2021-04-07_16:12:13
0.0,0.0,0.0,0.0,0.0,0.0,2021-04-07_16:12:13
0.0,0.0,0.0,0.0,0.0,0.0,2021-04-07_16:12:13
0.0,0.0,0.0,0.0,0.0,0.0,2021-04-07_16:12:13
0.0,0.0,0.0,0.0,0.0,0.0,2021-04-07_16:12:13
0.0,0.0,0.0,0.0,0.0,0.0,2021-04-07_16:12:13
0.0,0.0,0.0,0.0,0.0,0.0,2021-04-07_16:12:13
0.0,0.0,0.0,0.0,0.0,0.0,2021-04-07_16:12:13
0.0,0.0,0.0,0.0,0.0,0.0,2021-04-07_16:12:13
0.0,0.0,0.0,0.0,0.0,0.0,2021-04-07_16:12:13
0.0,0.0,0.0,0.0,0.0,0.0,2021-04-07_16:12:13
0.0,0.0,0.0,0.0,0.0,0.0,2021-04-07_16:12:13
0.0,0.0,0.0,0.0,0.0,0.0,2021-04-07_16:12:13
0.0,0.0,0.0,0.0,0.0,0.0,2021-04-07_16:12:14
0.0,0.0,0.0,0.0,0.0,0.0,2021-04-07_16:12:14
0.0,0.0,0.0,0.0,0.0,0.0,2021-04-07_16:12:14
0.0,0.0,0.0,0.0,0.0,0.0,2021-04-07_16:12:14
0.0,0.0,0.0,0.0,0.0,0.0,2021-04-07_16:12:14
0.0,0.0,0.0,0.0,0.0,0.0,2021-04-07_16:12:14
0.0,0.0,0.0,0.0,0.0,0.0,2021-04-07_16:12:14
0.0,0.0,0.0,0.0,0.0,0.0,2021-04-07_16:12:14
0.0,0.0,0.0,0.0,0.0,0.0,2021-04-07_16:12:14
0.0,0.0,0.0,0.0,0.0,0.0,2021-04-07_16:12:14
0.0,0.0,0.0,0.0,0.0,0.0,2021-04-07_16:12:14
0.0,0.0,0.0,0.0,0.0,0.0,2021-04-07_16:12:14
0.0,0.0,0.0,0.0,0.0,0.0,2021-04-07_16:12:14
0.0,0.0,0.0,0.0,0.0,0.0,2021-04-07_16:12:15
0.0,0.0,0.0,0.0,0.0,0.0,2021-04-07_16:12:15
0.0,0.0,0.0,0.0,0.0,0.0,2021-04-07_16:12:15
0.0,0.0,0.0,0.0,0.0,0.0,2021-04-07_16:12:15
0.0,0.0,0.0,0.0,0.0,0.0,2021-04-07_16:12:15
0.0,0.0,0.0,0.0,0.0,0.0,2021-04-07_16:12:15
0.0,0.0,0.0,0.0,0.0,0.0,2021-04-07_16:12:15
0.0,0.0,0.0,0.0,0.0,0.0,2021-04-07_16:12:15
0.0,0.0,0.0,0.0,0.0,0.0,2021-04-07_16:12:15
0.0,0.0,0.0,0.0,0.0,0.0,2021-04-07_16:12:15
0.0,0.0,0.0,0.0,0.0,0.0,2021-04-07_16:12:15
0.0,0.0,0.0,0.0,0.0,0.0,2021-04-07_16:12:15
0.0,0.0,0.0,0.0,0.0,0.0,2021-04-07_16:12:15
0.0,0.0,0.0,0.0,0.0,0.0,2021-04-07_16:12:15
0.0,0.0,0.0,0.0,0.0,0.0,2021-04-07_16:12:16
0.0,0.0,0.0,0.0,0.0,0.0,2021-04-07_16:12:16
0.0,0.0,0.0,0.0,0.0,0.0,2021-04-07_16:12:16
0.0,0.0,0.0,0.0,0.0,0.0,2021-04-07_16:12:16
0.0,0.0,0.0,0.0,0.0,0.0,2021-04-07_16:12:16
0.0,0.0,0.0,0.0,0.0,0.0,2021-04-07_16:12:16
0.0,0.0,0.0,0.0,0.0,0.0,2021-04-07_16:12:16
0.0,0.0,0.0,0.0,0.0,0.0,2021-04-07_16:12:16
0.0,0.0,0.0,0.0,0.0,0.0,2021-04-07_16:12:16
0.0,0.0,0.0,0.0,0.0,0.0,2021-04-07_16:12:16
0.0,0.0,0.0,0.0,0.0,0.0,2021-04-07_16:12:16
0.0,0.0,0.0,0.0,0.0,0.0,2021-04-07_16:12:16
0.0,0.0,0.0,0.0,0.0,0.0,2021-04-07_16:12:16
0.0,0.0,0.0,0.0,0.0,0.0,2021-04-07_16:12:17
0.0,0.0,0.0,0.0,0.0,0.0,2021-04-07_16:12:17
0.0,0.0,0.0,0.0,0.0,0.0,2021-04-07_16:12:17
0.0,0.0,0.0,0.0,0.0,0.0,2021-04-07_16:12:17
0.0,0.0,0.0,0.0,0.0,0.0,2021-04-07_16:12:17
0.0,0.0,0.0,0.0,0.0,0.0,2021-04-07_16:12:17
0.0,0.0,0.0,0.0,-0.01,0.01,2021-04-07_16:12:17
0.0,0.0,0.0,0.0,0.0,0.0,2021-04-07_16:12:17
0.0,0.0,0.0,0.0,0.01,-0.01,2021-04-07_16:12:17
0.0,0.0,0.0,0.0,0.0,0.0,2021-04-07_16:12:17
0.0,0.0,0.0,0.0,0.0,0.0,2021-04-07_16:12:17
0.0,0.0,0.0,0.0,-0.01,0.01,2021-04-07_16:12:17
0.0,0.0,0.0,0.0,0.0,0.0,2021-04-07_16:12:17
0.0,0.0,0.0,0.0,0.0,0.0,2021-04-07_16:12:17
0.0,0.0,0.0,0.0,0.0,0.0,2021-04-07_16:12:18
0.0,0.0,0.0,0.0,0.0,0.0,2021-04-07_16:12:18
0.0,0.0,0.0,0.0,0.0,0.0,2021-04-07_16:12:18
0.0,0.0,0.0,0.0,-0.02,0.02,2021-04-07_16:12:18
0.0,0.0,0.0,0.0,-0.01,0.01,2021-04-07_16:12:18
0.0,0.0,0.0,0.0,-0.01,0.01,2021-04-07_16:12:18
0.0,0.0,0.0,0.0,-0.03,0.03,2021-04-07_16:12:18
0.0,0.0,0.0,0.0,-0.03,0.03,2021-04-07_16:12:18
0.0,0.0,0.0,0.0,-0.01,0.01,2021-04-07_16:12:18
0.0,0.0,0.0,0.0,0.02,-0.02,2021-04-07_16:12:18
0.0,0.0,0.0,0.0,0.0,0.0,2021-04-07_16:12:18
0.0,0.0,0.0,0.0,-0.02,0.02,2021-04-07_16:12:18
0.0,0.0,0.0,0.0,-0.17,0.17,2021-04-07_16:12:18
0.0,0.0,0.0,0.0,0.01,-0.01,2021-04-07_16:12:19
0.0,0.0,0.0,0.0,-0.02,0.02,2021-04-07_16:12:19
0.0,0.0,0.0,0.0,-0.03,0.03,2021-04-07_16:12:19
0.0,0.0,0.0,0.0,-0.05,0.05,2021-04-07_16:12:19
0.0,0.0,0.0,0.0,-0.41,0.41,2021-04-07_16:12:19
0.0,0.0,0.0,0.0,-0.02,0.02,2021-04-07_16:12:19
0.0,0.0,0.0,0.0,0.03,-0.03,2021-04-07_16:12:19
0.0,0.0,0.0,0.0,-0.04,0.04,2021-04-07_16:12:19
0.0,0.0,0.0,0.0,-0.1,0.1,2021-04-07_16:12:19
0.0,0.0,0.0,0.0,-0.36,0.36,2021-04-07_16:12:19
0.0,0.0,0.0,0.0,-0.11,0.11,2021-04-07_16:12:19
0.0,0.0,0.0,0.0,-0.08,0.08,2021-04-07_16:12:19
0.0,0.0,0.0,0.0,-0.05,0.05,2021-04-07_16:12:19
0.0,0.0,0.0,0.0,-0.41,0.41,2021-04-07_16:12:20
0.0,0.0,0.0,0.0,-0.28,0.28,2021-04-07_16:12:20
0.0,0.0,0.0,0.0,-0.1,0.1,2021-04-07_16:12:20
0.0,0.0,0.0,0.0,-0.05,0.05,2021-04-07_16:12:20
0.0,0.0,0.0,0.0,-0.03,0.03,2021-04-07_16:12:20
0.0,0.0,0.0,0.0,-0.02,0.02,2021-04-07_16:12:20
0.0,0.0,0.0,0.0,0.0,0.0,2021-04-07_16:12:20
0.0,0.0,0.0,0.0,0.0,0.0,2021-04-07_16:12:20
0.0,0.0,0.0,0.0,-0.01,0.01,2021-04-07_16:12:20
0.0,0.0,0.0,0.0,0.02,-0.02,2021-04-07_16:12:20
0.0,0.0,0.0,0.0,0.03,-0.03,2021-04-07_16:12:20
0.0,0.0,0.0,0.0,0.05,-0.05,2021-04-07_16:12:20
0.0,0.0,0.0,0.0,0.01,-0.01,2021-04-07_16:12:20
0.0,0.0,0.0,0.0,0.01,-0.01,2021-04-07_16:12:20
0.0,0.0,0.0,0.0,0.0,0.0,2021-04-07_16:12:21
0.0,0.0,0.0,0.0,0.0,0.0,2021-04-07_16:12:21
0.0,0.0,0.0,0.0,0.0,0.0,2021-04-07_16:12:21
0.0,0.0,0.0,0.0,0.0,0.0,2021-04-07_16:12:21
0.0,0.0,0.0,0.0,0.01,-0.01,2021-04-07_16:12:21
0.0,0.0,0.0,0.0,-0.01,0.01,2021-04-07_16:12:21
0.0,0.0,0.0,0.0,0.0,0.0,2021-04-07_16:12:21
0.0,0.0,0.0,0.0,0.0,0.0,2021-04-07_16:12:21
0.0,0.0,0.0,0.0,0.01,-0.01,2021-04-07_16:12:21
0.0,0.0,0.0,0.0,0.0,0.0,2021-04-07_16:12:21
0.0,0.0,0.0,0.0,-0.01,0.01,2021-04-07_16:12:21
0.0,0.0,0.0,0.0,0.0,0.0,2021-04-07_16:12:21
0.0,0.0,0.0,0.0,0.0,0.0,2021-04-07_16:12:21
0.0,0.0,0.0,0.0,0.01,-0.01,2021-04-07_16:12:22
0.0,0.0,0.0,0.0,0.0,0.0,2021-04-07_16:12:22
0.0,0.0,0.0,0.0,0.0,0.0,2021-04-07_16:12:22
0.0,0.0,0.0,0.0,0.0,0.0,2021-04-07_16:12:22
0.0,0.0,0.0,0.0,-0.01,0.01,2021-04-07_16:12:22
0.0,0.0,0.0,0.0,0.01,-0.01,2021-04-07_16:12:22
0.0,0.0,0.0,0.0,0.0,0.0,2021-04-07_16:12:22
0.0,0.0,0.0,0.0,-0.01,0.01,2021-04-07_16:12:22
0.0,0.0,0.0,0.0,0.0,0.0,2021-04-07_16:12:22
0.0,0.0,0.0,0.0,0.01,-0.01,2021-04-07_16:12:22
0.0,0.0,0.0,0.0,-0.01,0.01,2021-04-07_16:12:22
0.0,0.0,0.0,0.0,0.0,0.0,2021-04-07_16:12:22
0.0,0.0,0.0,0.0,0.0,0.0,2021-04-07_16:12:22
0.0,0.0,0.0,0.0,0.0,0.0,2021-04-07_16:12:23
0.0,0.0,0.0,0.0,0.0,0.0,2021-04-07_16:12:23
0.0,0.0,0.0,0.0,0.0,0.0,2021-04-07_16:12:23
0.0,0.0,0.0,0.0,0.0,0.0,2021-04-07_16:12:23
0.0,0.0,0.0,0.0,0.0,0.0,2021-04-07_16:12:23
0.0,0.0,0.0,0.0,-0.01,0.01,2021-04-07_16:12:23
0.0,0.0,0.0,0.0,0.01,-0.01,2021-04-07_16:12:23
0.0,0.0,0.0,0.0,0.0,0.0,2021-04-07_16:12:23
0.0,0.0,0.0,0.0,-0.01,0.01,2021-04-07_16:12:23
0.0,0.0,0.0,0.0,0.0,0.0,2021-04-07_16:12:23
0.0,0.0,0.0,0.0,0.0,0.0,2021-04-07_16:12:23
0.0,0.0,0.0,0.0,0.0,0.0,2021-04-07_16:12:23
0.0,0.0,0.0,0.0,0.0,0.0,2021-04-07_16:12:23
0.0,0.0,0.0,0.0,0.0,0.0,2021-04-07_16:12:23
0.0,0.0,0.0,0.0,0.0,0.0,2021-04-07_16:12:24
0.0,0.0,0.0,0.0,0.0,0.0,2021-04-07_16:12:24
0.0,0.0,0.0,0.0,0.0,0.0,2021-04-07_16:12:24
0.0,0.0,0.0,0.0,-0.01,0.01,2021-04-07_16:12:24
0.0,0.0,0.0,0.0,0.01,-0.01,2021-04-07_16:12:24
0.0,0.0,0.0,0.0,0.0,0.0,2021-04-07_16:12:24
0.0,0.0,0.0,0.0,-0.01,0.01,2021-04-07_16:12:24
0.0,0.0,0.0,0.0,0.0,0.0,2021-04-07_16:12:24
0.0,0.0,0.0,0.0,0.0,0.0,2021-04-07_16:12:24
0.0,0.0,0.0,0.0,0.0,0.0,2021-04-07_16:12:24
0.0,0.0,0.0,0.0,0.0,0.0,2021-04-07_16:12:24
0.0,0.0,0.0,0.0,0.02,-0.02,2021-04-07_16:12:24
0.0,0.0,0.0,0.0,0.07,-0.07,2021-04-07_16:12:24
0.0,0.0,0.0,0.0,0.17,-0.17,2021-04-07_16:12:25
0.0,0.0,0.0,0.0,0.46,-0.46,2021-04-07_16:12:25
0.0,0.0,0.0,0.0,0.15,-0.15,2021-04-07_16:12:25
0.0,0.0,0.0,0.0,-0.04,0.04,2021-04-07_16:12:25
0.0,0.0,0.0,0.0,0.45,-0.45,2021-04-07_16:12:25
0.0,0.0,0.0,0.0,0.15,-0.15,2021-04-07_16:12:25
0.0,0.0,0.0,0.0,0.05,-0.05,2021-04-07_16:12:25
0.0,0.0,0.0,0.0,0.05,-0.05,2021-04-07_16:12:25
0.0,0.0,0.0,0.0,0.06,-0.06,2021-04-07_16:12:25
0.0,0.0,0.0,0.0,0.03,-0.03,2021-04-07_16:12:25
0.0,0.0,0.0,0.0,0.32,-0.32,2021-04-07_16:12:25
0.0,0.0,0.0,0.0,0.06,-0.06,2021-04-07_16:12:25
0.0,0.0,0.0,0.0,0.03,-0.03,2021-04-07_16:12:25
0.0,0.0,0.0,0.0,0.01,-0.01,2021-04-07_16:12:25
0.0,0.0,0.0,0.0,0.08,-0.08,2021-04-07_16:12:26
0.0,0.0,0.0,0.0,0.11,-0.11,2021-04-07_16:12:26
0.0,0.0,0.0,0.0,0.02,-0.02,2021-04-07_16:12:26
0.0,0.0,0.0,0.0,0.01,-0.01,2021-04-07_16:12:26
0.0,0.0,0.0,0.0,0.03,-0.03,2021-04-07_16:12:26
0.0,0.0,0.0,0.0,0.0,0.0,2021-04-07_16:12:26
0.0,0.0,0.0,0.0,0.0,0.0,2021-04-07_16:12:26
0.0,0.0,0.0,0.0,0.01,-0.01,2021-04-07_16:12:26
0.0,0.0,0.0,0.0,0.0,0.0,2021-04-07_16:12:26
0.0,0.0,0.0,0.0,0.0,0.0,2021-04-07_16:12:26
0.0,0.0,0.0,0.0,0.01,-0.01,2021-04-07_16:12:26
0.0,0.0,0.0,0.0,0.0,0.0,2021-04-07_16:12:26
0.0,0.0,0.0,0.0,0.0,0.0,2021-04-07_16:12:26
0.0,0.0,0.0,0.0,0.0,0.0,2021-04-07_16:12:27
0.0,0.0,0.0,0.0,0.01,-0.01,2021-04-07_16:12:27
0.0,0.0,0.0,0.0,0.0,0.0,2021-04-07_16:12:27
0.0,0.0,0.0,0.0,0.0,0.0,2021-04-07_16:12:27
0.0,0.0,0.0,0.0,0.0,0.0,2021-04-07_16:12:27
0.0,0.0,0.0,0.0,0.0,0.0,2021-04-07_16:12:27
0.0,0.0,0.0,0.0,0.0,0.0,2021-04-07_16:12:27
0.0,0.0,0.0,0.0,0.0,0.0,2021-04-07_16:12:27
0.0,0.0,0.0,0.0,0.0,0.0,2021-04-07_16:12:27
0.0,0.0,0.0,0.0,0.0,0.0,2021-04-07_16:12:27
0.0,0.0,0.0,0.0,0.0,0.0,2021-04-07_16:12:27
0.0,0.0,0.0,0.0,0.0,0.0,2021-04-07_16:12:27
0.0,0.0,0.0,0.0,0.0,0.0,2021-04-07_16:12:27
0.0,0.0,0.0,0.0,0.0,0.0,2021-04-07_16:12:28
0.0,0.0,0.0,0.0,0.0,0.0,2021-04-07_16:12:28
0.0,0.0,0.0,0.0,0.0,0.0,2021-04-07_16:12:28
0.0,0.0,0.0,0.0,0.0,0.0,2021-04-07_16:12:28
0.0,0.0,0.0,0.0,0.0,0.0,2021-04-07_16:12:28
0.0,0.0,0.0,0.0,0.0,0.0,2021-04-07_16:12:28
0.0,0.0,0.0,0.0,0.0,0.0,2021-04-07_16:12:28
0.0,0.0,0.0,0.0,0.0,0.0,2021-04-07_16:12:28
0.0,0.0,0.0,0.0,0.0,0.0,2021-04-07_16:12:28
0.0,0.0,0.0,0.0,0.0,0.0,2021-04-07_16:12:28
0.0,0.0,0.0,0.0,0.0,0.0,2021-04-07_16:12:28
0.0,0.0,0.0,0.0,0.0,0.0,2021-04-07_16:12:28
0.0,0.0,0.0,0.0,0.0,0.0,2021-04-07_16:12:28
0.0,0.0,0.0,0.0,0.0,0.0,2021-04-07_16:12:28
0.0,0.0,0.0,0.0,0.0,0.0,2021-04-07_16:12:29
0.0,0.0,0.0,0.0,0.0,0.0,2021-04-07_16:12:29
0.0,0.0,0.0,0.0,0.0,0.0,2021-04-07_16:12:29
0.0,0.0,0.0,0.0,0.0,0.0,2021-04-07_16:12:29
0.0,0.0,0.0,0.0,0.0,0.0,2021-04-07_16:12:29
0.0,0.0,0.0,0.0,0.0,0.0,2021-04-07_16:12:29
0.0,0.0,0.0,0.0,0.0,0.0,2021-04-07_16:12:29
0.0,0.0,0.0,0.0,0.0,0.0,2021-04-07_16:12:29
0.0,0.0,0.0,0.0,0.0,0.0,2021-04-07_16:12:29
0.0,0.0,0.0,0.0,0.0,0.0,2021-04-07_16:12:29
0.0,0.0,0.0,0.0,0.0,0.0,2021-04-07_16:12:29
0.0,0.0,0.0,0.0,0.0,0.0,2021-04-07_16:12:29
0.0,0.0,0.0,0.0,0.0,0.0,2021-04-07_16:12:29
0.0,0.0,0.0,0.0,0.0,0.0,2021-04-07_16:12:30
0.0,0.0,0.0,0.0,0.0,0.0,2021-04-07_16:12:30
0.0,0.0,0.0,0.0,0.0,0.0,2021-04-07_16:12:30
0.0,0.0,0.0,0.0,0.0,0.0,2021-04-07_16:12:30
0.0,0.0,0.0,0.0,0.0,0.0,2021-04-07_16:12:30
0.0,0.0,0.0,0.0,0.0,0.0,2021-04-07_16:12:30
0.0,0.0,0.0,0.0,0.0,0.0,2021-04-07_16:12:30
0.0,0.0,0.0,0.0,0.0,0.0,2021-04-07_16:12:30
0.0,0.0,0.0,0.0,0.0,0.0,2021-04-07_16:12:30
0.0,0.0,0.0,0.0,0.0,0.0,2021-04-07_16:12:30
0.0,0.0,0.0,0.0,0.0,0.0,2021-04-07_16:12:30
0.0,0.0,0.0,0.0,0.0,0.0,2021-04-07_16:12:30
0.0,0.0,0.0,0.0,0.0,0.0,2021-04-07_16:12:30
0.0,0.0,0.0,0.0,0.0,0.0,2021-04-07_16:12:30
0.0,0.0,0.0,0.0,0.0,0.0,2021-04-07_16:12:31
0.0,0.0,0.0,0.0,0.0,0.0,2021-04-07_16:12:31
0.0,0.0,0.0,0.0,0.0,0.0,2021-04-07_16:12:31
0.0,0.0,0.0,0.0,0.0,0.0,2021-04-07_16:12:31
0.0,0.0,0.0,0.0,0.0,0.0,2021-04-07_16:12:31
0.0,0.0,0.0,0.0,0.0,0.0,2021-04-07_16:12:31
0.0,0.0,0.0,0.0,0.0,0.0,2021-04-07_16:12:31
0.0,0.0,0.0,0.0,0.0,0.0,2021-04-07_16:12:31
0.0,0.0,0.0,0.0,0.0,0.0,2021-04-07_16:12:31
0.0,0.0,0.0,0.0,0.0,0.0,2021-04-07_16:12:31
0.0,0.0,0.0,0.0,0.0,0.0,2021-04-07_16:12:31
0.0,0.0,0.0,0.0,0.0,0.0,2021-04-07_16:12:31
0.0,0.0,0.0,0.0,0.0,0.0,2021-04-07_16:12:31
0.0,0.0,0.0,0.0,0.0,0.0,2021-04-07_16:12:32
0.0,0.0,0.0,0.0,0.0,0.0,2021-04-07_16:12:32
0.0,0.0,0.0,0.0,0.0,0.0,2021-04-07_16:12:32
0.0,0.0,0.0,0.0,0.0,0.0,2021-04-07_16:12:32
0.0,0.0,0.0,0.0,0.0,0.0,2021-04-07_16:12:32
0.0,0.0,0.0,0.0,0.0,0.0,2021-04-07_16:12:32
0.0,0.0,0.0,0.0,0.0,0.0,2021-04-07_16:12:32
0.0,0.0,0.0,0.0,0.0,0.0,2021-04-07_16:12:32
0.0,0.0,0.0,0.0,0.0,0.0,2021-04-07_16:12:32
0.0,0.0,0.0,0.0,0.0,0.0,2021-04-07_16:12:32
0.0,0.0,0.0,0.0,0.0,0.0,2021-04-07_16:12:32
0.0,0.0,0.0,0.0,0.0,0.0,2021-04-07_16:12:32
0.0,0.0,0.0,0.0,0.0,0.0,2021-04-07_16:12:32
0.0,0.0,0.0,0.0,0.0,0.0,2021-04-07_16:12:33
0.0,0.0,0.0,0.0,0.0,0.0,2021-04-07_16:12:33
0.0,0.0,0.0,0.0,0.0,0.0,2021-04-07_16:12:33
0.0,0.0,0.0,0.0,0.0,0.0,2021-04-07_16:12:33
0.0,0.0,0.0,0.0,0.0,0.0,2021-04-07_16:12:33
0.0,0.0,0.0,0.0,0.0,0.0,2021-04-07_16:12:33
0.0,0.0,0.0,0.0,0.0,0.0,2021-04-07_16:12:33
0.0,0.0,0.0,0.0,0.0,0.0,2021-04-07_16:12:33
0.0,0.0,0.0,0.0,0.0,0.0,2021-04-07_16:12:33
0.0,0.0,0.0,0.0,0.0,0.0,2021-04-07_16:12:33
0.0,0.0,0.0,0.0,0.0,0.0,2021-04-07_16:12:33
0.0,0.0,0.0,0.0,0.0,0.0,2021-04-07_16:12:33
0.0,0.0,0.0,0.0,0.0,0.0,2021-04-07_16:12:33
0.0,0.0,0.0,0.0,0.0,0.0,2021-04-07_16:12:33
0.0,0.0,0.0,0.0,0.0,0.0,2021-04-07_16:12:34
0.0,0.0,0.0,0.0,0.0,0.0,2021-04-07_16:12:34
0.0,0.0,0.0,0.0,0.0,0.0,2021-04-07_16:12:34
0.0,0.0,0.0,0.0,0.0,0.0,2021-04-07_16:12:34
0.0,0.0,0.0,0.0,0.0,0.0,2021-04-07_16:12:34
0.0,0.0,0.0,0.0,0.0,0.0,2021-04-07_16:12:34
0.0,0.0,0.0,0.0,0.0,0.0,2021-04-07_16:12:34
0.0,0.0,0.0,0.0,0.0,0.0,2021-04-07_16:12:34
0.0,0.0,0.0,0.0,0.0,0.0,2021-04-07_16:12:34
0.0,0.0,0.0,0.0,0.0,0.0,2021-04-07_16:12:34
0.0,0.0,0.0,0.0,0.0,0.0,2021-04-07_16:12:34
0.0,0.0,0.0,0.0,0.0,0.0,2021-04-07_16:12:34
0.0,0.0,0.0,0.0,0.0,0.0,2021-04-07_16:12:34
0.0,0.0,0.0,0.0,0.0,0.0,2021-04-07_16:12:35
0.0,0.0,0.0,0.0,0.0,0.0,2021-04-07_16:12:35
0.0,0.0,0.0,0.0,0.0,0.0,2021-04-07_16:12:35
0.0,0.0,0.0,0.0,0.0,0.0,2021-04-07_16:12:35
0.0,0.0,0.0,0.0,0.0,0.0,2021-04-07_16:12:35
0.0,0.0,0.0,0.0,0.0,0.0,2021-04-07_16:12:35
0.0,0.0,0.0,0.0,0.0,0.0,2021-04-07_16:12:35
0.0,0.0,0.0,0.0,0.0,0.0,2021-04-07_16:12:35
0.0,0.0,0.0,0.0,0.0,0.0,2021-04-07_16:12:35
0.0,0.0,0.0,0.0,0.0,0.0,2021-04-07_16:12:35
0.0,0.0,0.0,0.0,0.0,0.0,2021-04-07_16:12:35
0.0,0.0,0.0,0.0,0.0,0.0,2021-04-07_16:12:35
0.0,0.0,0.0,0.0,0.0,0.0,2021-04-07_16:12:35
0.0,0.0,0.0,0.0,0.0,0.0,2021-04-07_16:12:36
0.0,0.0,0.0,0.0,0.0,0.0,2021-04-07_16:12:36
0.0,0.0,0.0,0.0,0.0,0.0,2021-04-07_16:12:36
0.0,0.0,0.0,0.0,0.0,0.0,2021-04-07_16:12:36
0.0,0.0,0.0,0.0,0.0,0.0,2021-04-07_16:12:36
0.0,0.0,0.0,0.0,0.0,0.0,2021-04-07_16:12:36
0.0,0.0,0.0,0.0,0.0,0.0,2021-04-07_16:12:36
0.0,0.0,0.0,0.0,0.0,0.0,2021-04-07_16:12:36
0.0,0.0,0.0,0.0,0.0,0.0,2021-04-07_16:12:36
0.0,0.0,0.0,0.0,0.0,0.0,2021-04-07_16:12:36
0.0,0.0,0.0,0.0,0.0,0.0,2021-04-07_16:12:36
0.0,0.0,0.0,0.0,0.0,0.0,2021-04-07_16:12:36
0.0,0.0,0.0,0.0,0.0,0.0,2021-04-07_16:12:36
0.0,0.0,0.0,0.0,0.0,0.0,2021-04-07_16:12:36
0.0,0.0,0.0,0.0,0.0,0.0,2021-04-07_16:12:37
0.0,0.0,0.0,0.0,0.0,0.0,2021-04-07_16:12:37
0.0,0.0,0.0,0.0,0.0,0.0,2021-04-07_16:12:37
0.0,0.0,0.0,0.0,0.0,0.0,2021-04-07_16:12:37
0.0,0.0,0.0,0.0,0.0,0.0,2021-04-07_16:12:37
0.0,0.0,0.0,0.0,0.0,0.0,2021-04-07_16:12:37
0.0,0.0,0.0,0.0,0.0,0.0,2021-04-07_16:12:37
0.0,0.0,0.0,0.0,0.0,0.0,2021-04-07_16:12:37
0.0,0.0,0.0,0.0,0.0,0.0,2021-04-07_16:12:37
0.0,0.0,0.0,0.0,0.0,0.0,2021-04-07_16:12:37
0.0,0.0,0.0,0.0,0.0,0.0,2021-04-07_16:12:37
0.0,0.0,0.0,0.0,0.0,0.0,2021-04-07_16:12:37
0.0,0.0,0.0,0.0,0.0,0.0,2021-04-07_16:12:37
0.0,0.0,0.0,0.0,0.0,0.0,2021-04-07_16:12:38
0.0,0.0,0.0,0.0,0.0,0.0,2021-04-07_16:12:38
0.0,0.0,0.0,0.0,0.0,0.0,2021-04-07_16:12:38
0.0,0.0,0.0,0.0,0.0,0.0,2021-04-07_16:12:38
0.0,0.0,0.0,0.0,0.0,0.0,2021-04-07_16:12:38
0.0,0.0,0.0,0.0,0.0,0.0,2021-04-07_16:12:38
0.0,0.0,0.0,0.0,0.0,0.0,2021-04-07_16:12:38
0.0,0.0,0.0,0.0,0.0,0.0,2021-04-07_16:12:38
0.0,0.0,0.0,0.0,0.0,0.0,2021-04-07_16:12:38
0.0,0.0,0.0,0.0,0.0,0.0,2021-04-07_16:12:38
0.0,0.0,0.0,0.0,0.0,0.0,2021-04-07_16:12:38
0.0,0.0,0.0,0.0,0.0,0.0,2021-04-07_16:12:38
0.0,0.0,0.0,0.0,0.0,0.0,2021-04-07_16:12:38
0.0,0.0,0.0,0.0,0.0,0.0,2021-04-07_16:12:38
0.0,0.0,0.0,0.0,0.0,0.0,2021-04-07_16:12:39
0.0,0.0,0.0,0.0,0.0,0.0,2021-04-07_16:12:39
0.0,0.0,0.0,0.0,0.0,0.0,2021-04-07_16:12:39
0.0,0.0,0.0,0.0,0.0,0.0,2021-04-07_16:12:39
0.0,0.0,0.0,0.0,0.0,0.0,2021-04-07_16:12:39
0.0,0.0,0.0,0.0,0.0,0.0,2021-04-07_16:12:39
0.0,0.0,0.0,0.0,0.0,0.0,2021-04-07_16:12:39
0.0,0.0,0.0,0.0,0.0,0.0,2021-04-07_16:12:39
0.0,0.0,0.0,0.0,0.0,0.0,2021-04-07_16:12:39
0.0,0.0,0.0,0.0,0.0,0.0,2021-04-07_16:12:39
0.0,0.0,0.0,0.0,0.0,0.0,2021-04-07_16:12:39
0.0,0.0,0.0,0.0,0.0,0.0,2021-04-07_16:12:39
0.0,0.0,0.0,0.0,0.0,0.0,2021-04-07_16:12:39
0.0,0.0,0.0,0.0,0.0,0.0,2021-04-07_16:12:40
0.0,0.0,0.0,0.0,0.0,0.0,2021-04-07_16:12:40
0.0,0.0,0.0,0.0,0.0,0.0,2021-04-07_16:12:40
0.0,0.0,0.0,0.0,0.0,0.0,2021-04-07_16:12:40
0.0,0.0,0.0,0.0,0.0,0.0,2021-04-07_16:12:40
0.0,0.0,0.0,0.0,0.0,0.0,2021-04-07_16:12:40
0.0,0.0,0.0,0.0,0.0,0.0,2021-04-07_16:12:40
0.0,0.0,0.0,0.0,0.0,0.0,2021-04-07_16:12:40
0.0,0.0,0.0,0.0,0.0,0.0,2021-04-07_16:12:40
0.0,0.0,0.0,0.0,0.0,0.0,2021-04-07_16:12:40
0.0,0.0,0.0,0.0,0.0,0.0,2021-04-07_16:12:40
0.0,0.0,0.0,0.0,0.0,0.0,2021-04-07_16:12:40
0.0,0.0,0.0,0.0,0.0,0.0,2021-04-07_16:12:40
0.0,0.0,0.0,0.0,0.0,0.0,2021-04-07_16:12:41
0.0,0.0,0.0,0.0,0.0,0.0,2021-04-07_16:12:41
0.0,0.0,0.0,0.0,0.0,0.0,2021-04-07_16:12:41
0.0,0.0,0.0,0.0,0.0,0.0,2021-04-07_16:12:41
0.0,0.0,0.0,0.0,0.0,0.0,2021-04-07_16:12:41
0.0,0.0,0.0,0.0,0.0,0.0,2021-04-07_16:12:41
0.0,0.0,0.0,0.0,0.0,0.0,2021-04-07_16:12:41
0.0,0.0,0.0,0.0,0.0,0.0,2021-04-07_16:12:41
0.0,0.0,0.0,0.0,0.0,0.0,2021-04-07_16:12:41
0.0,0.0,0.0,0.0,0.0,0.0,2021-04-07_16:12:41
0.0,0.0,0.0,0.0,0.0,0.0,2021-04-07_16:12:41
0.0,0.0,0.0,0.0,0.0,0.0,2021-04-07_16:12:41
0.0,0.0,0.0,0.0,0.0,0.0,2021-04-07_16:12:41
0.0,0.0,0.0,0.0,0.0,0.0,2021-04-07_16:12:41
0.0,0.0,0.0,0.0,0.0,0.0,2021-04-07_16:12:42
0.0,0.0,0.0,0.0,0.0,0.0,2021-04-07_16:12:42
0.0,0.0,0.0,0.0,0.0,0.0,2021-04-07_16:12:42
0.0,0.0,0.0,0.0,0.0,0.0,2021-04-07_16:12:42
0.0,0.0,0.0,0.0,0.0,0.0,2021-04-07_16:12:42
0.0,0.0,0.0,0.0,0.0,0.0,2021-04-07_16:12:42
0.0,0.0,0.0,0.0,0.0,0.0,2021-04-07_16:12:42
0.0,0.0,0.0,0.0,0.0,0.0,2021-04-07_16:12:42
0.0,0.0,0.0,0.0,0.0,0.0,2021-04-07_16:12:42
0.0,0.0,0.0,0.0,0.0,0.0,2021-04-07_16:12:42
0.0,0.0,0.0,0.0,0.0,0.0,2021-04-07_16:12:42
0.0,0.0,0.0,0.0,0.0,0.0,2021-04-07_16:12:42
0.0,0.0,0.0,0.0,0.0,0.0,2021-04-07_16:12:42
0.0,0.0,0.0,0.0,0.0,0.0,2021-04-07_16:12:43
0.0,0.0,0.0,0.0,0.0,0.0,2021-04-07_16:12:43
0.0,0.0,0.0,0.0,0.0,0.0,2021-04-07_16:12:43
0.0,0.0,0.0,0.0,0.0,0.0,2021-04-07_16:12:43
0.0,0.0,0.0,0.0,0.0,0.0,2021-04-07_16:12:43
0.0,0.0,0.0,0.0,0.0,0.0,2021-04-07_16:12:43
0.0,0.0,0.0,0.0,0.0,0.0,2021-04-07_16:12:43
0.0,0.0,0.0,0.0,0.0,0.0,2021-04-07_16:12:43
0.0,0.0,0.0,0.0,0.0,0.0,2021-04-07_16:12:43
0.0,0.0,0.0,0.0,0.0,0.0,2021-04-07_16:12:43
0.0,0.0,0.0,0.0,0.0,0.0,2021-04-07_16:12:43
0.0,0.0,0.0,0.0,0.0,0.0,2021-04-07_16:12:43
0.0,0.0,0.0,0.0,0.0,0.0,2021-04-07_16:12:43
0.0,0.0,0.0,0.0,0.0,0.0,2021-04-07_16:12:43
0.0,0.0,0.0,0.0,0.0,0.0,2021-04-07_16:12:44
0.0,0.0,0.0,0.0,0.0,0.0,2021-04-07_16:12:44
0.0,0.0,0.0,0.0,0.0,0.0,2021-04-07_16:12:44
0.0,0.0,0.0,0.0,0.0,0.0,2021-04-07_16:12:44
0.0,0.0,0.0,0.0,0.0,0.0,2021-04-07_16:12:44
0.0,0.0,0.0,0.0,0.0,0.0,2021-04-07_16:12:44
0.0,0.0,0.0,0.0,0.0,0.0,2021-04-07_16:12:44
0.0,0.0,0.0,0.0,0.0,0.0,2021-04-07_16:12:44
0.0,0.0,0.0,0.0,0.0,0.0,2021-04-07_16:12:44
0.0,0.0,0.0,0.0,0.0,0.0,2021-04-07_16:12:44
0.0,0.0,0.0,0.0,0.0,0.0,2021-04-07_16:12:44
0.0,0.0,0.0,0.0,0.0,0.0,2021-04-07_16:12:44
0.0,0.0,0.0,0.0,0.0,0.0,2021-04-07_16:12:44
0.0,0.0,0.0,0.0,0.0,0.0,2021-04-07_16:12:45
0.0,0.0,0.0,0.0,0.0,0.0,2021-04-07_16:12:45
0.0,0.0,0.0,0.0,0.0,0.0,2021-04-07_16:12:45
0.0,0.0,0.0,0.0,0.0,0.0,2021-04-07_16:12:45
0.0,0.0,0.0,0.0,0.0,0.0,2021-04-07_16:12:45
0.0,0.0,0.0,0.0,0.0,0.0,2021-04-07_16:12:45
0.0,0.0,0.0,0.0,0.0,0.0,2021-04-07_16:12:45
0.0,0.0,0.0,0.0,0.0,0.0,2021-04-07_16:12:45
0.0,0.0,0.0,0.0,0.0,0.0,2021-04-07_16:12:45
0.0,0.0,0.0,0.0,0.0,0.0,2021-04-07_16:12:45
0.0,0.0,0.0,0.0,0.0,0.0,2021-04-07_16:12:45
0.0,0.0,0.0,0.0,0.0,0.0,2021-04-07_16:12:45
0.0,0.0,0.0,0.0,0.0,0.0,2021-04-07_16:12:45
0.0,0.0,0.0,0.0,0.0,0.0,2021-04-07_16:12:46
0.0,0.0,0.0,0.0,0.0,0.0,2021-04-07_16:12:46
0.0,0.0,0.0,0.0,0.0,0.0,2021-04-07_16:12:46
0.0,0.0,0.0,0.0,0.0,0.0,2021-04-07_16:12:46
0.0,0.0,0.0,0.0,0.0,0.0,2021-04-07_16:12:46
0.0,0.0,0.0,0.0,0.0,0.0,2021-04-07_16:12:46
0.0,0.0,0.0,0.0,0.0,0.0,2021-04-07_16:12:46
0.0,0.0,0.0,0.0,0.0,0.0,2021-04-07_16:12:46
0.0,0.0,0.0,0.0,0.0,0.0,2021-04-07_16:12:46
0.0,0.0,0.0,0.0,0.0,0.0,2021-04-07_16:12:46
0.0,0.0,0.0,0.0,0.0,0.0,2021-04-07_16:12:46
0.0,0.0,0.0,0.0,0.0,0.0,2021-04-07_16:12:46
0.0,0.0,0.0,0.0,0.0,0.0,2021-04-07_16:12:46
0.0,0.0,0.0,0.0,0.0,0.0,2021-04-07_16:12:46
0.0,0.0,0.0,0.0,0.0,0.0,2021-04-07_16:12:47
0.0,0.0,0.0,0.0,0.0,0.0,2021-04-07_16:12:47
0.0,0.0,0.0,0.0,0.0,0.0,2021-04-07_16:12:47
0.0,0.0,0.0,0.0,0.0,0.0,2021-04-07_16:12:47
0.0,0.0,0.0,0.0,0.0,0.0,2021-04-07_16:12:47
0.0,0.0,0.0,0.0,0.0,0.0,2021-04-07_16:12:47
0.0,0.0,0.0,0.0,-0.01,0.01,2021-04-07_16:12:47
0.0,0.0,0.0,0.0,0.0,0.0,2021-04-07_16:12:47
0.0,0.0,0.0,0.0,0.0,0.0,2021-04-07_16:12:47
0.0,0.0,0.0,0.0,0.01,-0.01,2021-04-07_16:12:47
0.0,0.0,0.0,0.0,0.0,0.0,2021-04-07_16:12:47
0.0,0.0,0.0,0.0,0.0,0.0,2021-04-07_16:12:47
0.0,0.0,0.0,0.0,-0.01,0.01,2021-04-07_16:12:47
0.0,0.0,0.0,0.0,0.0,0.0,2021-04-07_16:12:48
0.0,0.0,0.0,0.0,0.0,0.0,2021-04-07_16:12:48
0.0,0.0,0.0,0.0,0.0,0.0,2021-04-07_16:12:48
0.0,0.0,0.0,0.0,0.0,0.0,2021-04-07_16:12:48
0.0,0.0,0.0,0.0,-0.02,0.02,2021-04-07_16:12:48
0.0,0.0,0.0,0.0,-0.02,0.02,2021-04-07_16:12:48
0.0,0.0,0.0,0.0,-0.02,0.02,2021-04-07_16:12:48
0.0,0.0,0.0,0.0,-0.02,0.02,2021-04-07_16:12:48
0.0,0.0,0.0,0.0,0.0,0.0,2021-04-07_16:12:48
0.0,0.0,0.0,0.0,0.0,0.0,2021-04-07_16:12:48
0.0,0.0,0.0,0.0,-0.01,0.01,2021-04-07_16:12:48
0.0,0.0,0.0,0.0,-0.01,0.01,2021-04-07_16:12:48
0.0,0.0,0.0,0.0,-0.02,0.02,2021-04-07_16:12:48
0.0,0.0,0.0,0.0,-0.15,0.15,2021-04-07_16:12:49
0.0,0.0,0.0,0.0,-0.07,0.07,2021-04-07_16:12:49
0.0,0.0,0.0,0.0,-0.01,0.01,2021-04-07_16:12:49
0.0,0.0,0.0,0.0,0.0,0.0,2021-04-07_16:12:49
0.0,0.0,0.0,0.0,-0.02,0.02,2021-04-07_16:12:49
0.0,0.0,0.0,0.0,-0.32,0.32,2021-04-07_16:12:49
0.0,0.0,0.0,0.0,-0.08,0.08,2021-04-07_16:12:49
0.0,0.0,0.0,0.0,0.0,0.0,2021-04-07_16:12:49
0.0,0.0,0.0,0.0,-0.02,0.02,2021-04-07_16:12:49
0.0,0.0,0.0,0.0,-0.04,0.04,2021-04-07_16:12:49
0.0,0.0,0.0,0.0,-0.28,0.28,2021-04-07_16:12:49
0.0,0.0,0.0,0.0,-0.22,0.22,2021-04-07_16:12:49
0.0,0.0,0.0,0.0,-0.1,0.1,2021-04-07_16:12:49
0.0,0.0,0.0,0.0,-0.06,0.06,2021-04-07_16:12:49
0.0,0.0,0.0,0.0,-0.13,0.13,2021-04-07_16:12:50
0.0,0.0,0.0,0.0,-0.62,0.62,2021-04-07_16:12:50
0.0,0.0,0.0,0.0,-0.21,0.21,2021-04-07_16:12:50
0.0,0.0,0.0,0.0,-0.11,0.11,2021-04-07_16:12:50
0.0,0.0,0.0,0.0,-0.05,0.05,2021-04-07_16:12:50
0.0,0.0,0.0,0.0,-0.01,0.01,2021-04-07_16:12:50
0.0,0.0,0.0,0.0,-0.03,0.03,2021-04-07_16:12:50
0.0,0.0,0.0,0.0,0.0,0.0,2021-04-07_16:12:50
0.0,0.0,0.0,0.0,0.01,-0.01,2021-04-07_16:12:50
0.0,0.0,0.0,0.0,0.02,-0.02,2021-04-07_16:12:50
0.0,0.0,0.0,0.0,0.04,-0.04,2021-04-07_16:12:50
0.0,0.0,0.0,0.0,0.06,-0.06,2021-04-07_16:12:50
0.0,0.0,0.0,0.0,0.08,-0.08,2021-04-07_16:12:50
0.0,0.0,0.0,0.0,0.03,-0.03,2021-04-07_16:12:51
0.0,0.0,0.0,0.0,0.02,-0.02,2021-04-07_16:12:51
0.0,0.0,0.0,0.0,-0.01,0.01,2021-04-07_16:12:51
0.0,0.0,0.0,0.0,-0.01,0.01,2021-04-07_16:12:51
0.0,0.0,0.0,0.0,0.01,-0.01,2021-04-07_16:12:51
0.0,0.0,0.0,0.0,0.01,-0.01,2021-04-07_16:12:51
0.0,0.0,0.0,0.0,-0.01,0.01,2021-04-07_16:12:51
0.0,0.0,0.0,0.0,0.0,0.0,2021-04-07_16:12:51
0.0,0.0,0.0,0.0,0.01,-0.01,2021-04-07_16:12:51
0.0,0.0,0.0,0.0,0.0,0.0,2021-04-07_16:12:51
0.0,0.0,0.0,0.0,0.0,0.0,2021-04-07_16:12:51
0.0,0.0,0.0,0.0,-0.01,0.01,2021-04-07_16:12:51
0.0,0.0,0.0,0.0,0.0,0.0,2021-04-07_16:12:51
0.0,0.0,0.0,0.0,0.01,-0.01,2021-04-07_16:12:51
0.0,0.0,0.0,0.0,-0.01,0.01,2021-04-07_16:12:52
0.0,0.0,0.0,0.0,-0.01,0.01,2021-04-07_16:12:52
0.0,0.0,0.0,0.0,0.01,-0.01,2021-04-07_16:12:52
0.0,0.0,0.0,0.0,0.01,-0.01,2021-04-07_16:12:52
0.0,0.0,0.0,0.0,-0.01,0.01,2021-04-07_16:12:52
0.0,0.0,0.0,0.0,-0.01,0.01,2021-04-07_16:12:52
0.0,0.0,0.0,0.0,0.01,-0.01,2021-04-07_16:12:52
0.0,0.0,0.0,0.0,0.0,0.0,2021-04-07_16:12:52
0.0,0.0,0.0,0.0,0.0,0.0,2021-04-07_16:12:52
